1 -0.2 24
1.01 0.018384 19.7906
1.02 0.197913 16.2121
1.03 0.344418 13.1715
1.04 0.46287 10.5895
1.05 0.557512 8.39907
1.06 0.631965 6.5429
1.07 0.689321 4.9723
1.08 0.732223 3.64573
1.09 0.76293 2.52775
1.1 0.783372 1.5881
1.11 0.7952 0.800882
1.12 0.799824 0.14398
1.13 0.798451 -0.401559
1.14 0.79211 -0.851965
1.15 0.781682 -1.22115
1.16 0.767918 -1.52103
1.17 0.751458 -1.76185
1.18 0.732848 -1.95239
1.19 0.712552 -2.10018
1.2 0.690965 -2.21169
1.21 0.668421 -2.29249
1.22 0.645202 -2.34734
1.23 0.621547 -2.38033
1.24 0.597656 -2.39499
1.25 0.573698 -2.39434
1.26 0.549812 -2.38095
1.27 0.526114 -2.35706
1.28 0.5027 -2.32455
1.29 0.479646 -2.28506
1.3 0.457017 -2.23998
1.31 0.434861 -2.19049
1.32 0.413218 -2.1376
1.33 0.392118 -2.08217
1.34 0.371581 -2.02494
1.35 0.351623 -1.96651
1.36 0.332253 -1.90741
1.37 0.313475 -1.84808
1.38 0.295291 -1.78887
1.39 0.277697 -1.73009
1.4 0.260687 -1.672
1.41 0.244254 -1.61479
1.42 0.228388 -1.55863
1.43 0.213077 -1.50366
1.44 0.19831 -1.44997
1.45 0.184073 -1.39765
1.46 0.170352 -1.34676
1.47 0.157133 -1.29733
1.48 0.144401 -1.24939
1.49 0.13214 -1.20296
1.5 0.120337 -1.15803
1.51 0.108975 -1.1146
1.52 0.0980396 -1.07266
1.53 0.0875166 -1.03219
1.54 0.077391 -0.993157
1.55 0.0676487 -0.95554
1.56 0.0582756 -0.919306
1.57 0.0492581 -0.884421
1.58 0.0405828 -0.850848
1.59 0.0322369 -0.81855
1.6 0.0242077 -0.787488
1.61 0.0164831 -0.757625
1.62 0.00905136 -0.728921
1.63 0.00190099 -0.701336
1.64 -0.00497897 -0.674833
1.65 -0.0115992 -0.649373
1.66 -0.0179698 -0.624918
1.67 -0.0241007 -0.601431
1.68 -0.0300015 -0.578876
1.69 -0.0356813 -0.557217
1.7 -0.0411487 -0.53642
1.71 -0.0464124 -0.516451
1.72 -0.0514804 -0.497278
1.73 -0.0563605 -0.478869
1.74 -0.0610602 -0.461194
1.75 -0.0655868 -0.444222
1.76 -0.0699469 -0.427926
1.77 -0.0741474 -0.412279
1.78 -0.0781946 -0.397252
1.79 -0.0820945 -0.382823
1.8 -0.0858529 -0.368964
1.81 -0.0894756 -0.355654
1.82 -0.0929678 -0.34287
1.83 -0.0963347 -0.330589
1.84 -0.0995812 -0.318791
1.85 -0.102712 -0.307457
1.86 -0.105732 -0.296565
1.87 -0.108645 -0.286099
1.88 -0.111455 -0.276041
1.89 -0.114167 -0.266374
1.9 -0.116784 -0.257081
1.91 -0.11931 -0.248147
1.92 -0.121748 -0.239557
1.93 -0.124102 -0.231297
1.94 -0.126375 -0.223353
1.95 -0.12857 -0.215713
1.96 -0.13069 -0.208363
1.97 -0.132738 -0.201292
1.98 -0.134717 -0.194489
1.99 -0.136629 -0.187942
2 -0.138477 -0.181641
2.01 -0.140262 -0.175575
2.02 -0.141989 -0.169736
2.03 -0.143658 -0.164114
2.04 -0.145272 -0.158701
2.05 -0.146833 -0.153487
2.06 -0.148342 -0.148465
2.07 -0.149802 -0.143627
2.08 -0.151215 -0.138966
2.09 -0.152582 -0.134474
2.1 -0.153905 -0.130145
2.11 -0.155186 -0.125973
2.12 -0.156425 -0.121951
2.13 -0.157625 -0.118073
2.14 -0.158787 -0.114334
2.15 -0.159912 -0.110728
2.16 -0.161002 -0.10725
2.17 -0.162058 -0.103895
2.18 -0.16308 -0.100658
2.19 -0.164071 -0.0975342
2.2 -0.165032 -0.0945199
2.21 -0.165962 -0.0916105
2.22 -0.166864 -0.0888021
2.23 -0.167738 -0.0860907
2.24 -0.168586 -0.0834727
2.25 -0.169408 -0.0809444
2.26 -0.170205 -0.0785026
2.27 -0.170979 -0.0761439
2.28 -0.171729 -0.0738652
2.29 -0.172456 -0.0716635
2.3 -0.173162 -0.0695359
2.31 -0.173847 -0.0674796
2.32 -0.174512 -0.0654921
2.33 -0.175157 -0.0635707
2.34 -0.175784 -0.061713
2.35 -0.176392 -0.0599167
2.36 -0.176982 -0.0581796
2.37 -0.177555 -0.0564994
2.38 -0.178112 -0.054874
2.39 -0.178653 -0.0533016
2.4 -0.179178 -0.0517802
2.41 -0.179689 -0.0503079
2.42 -0.180185 -0.048883
2.43 -0.180667 -0.0475038
2.44 -0.181135 -0.0461686
2.45 -0.18159 -0.044876
2.46 -0.182033 -0.0436243
2.47 -0.182463 -0.0424122
2.48 -0.182881 -0.0412382
2.49 -0.183288 -0.0401011
2.5 -0.183683 -0.0389995
2.51 -0.184068 -0.0379322
2.52 -0.184442 -0.036898
2.53 -0.184806 -0.0358957
2.54 -0.18516 -0.0349244
2.55 -0.185504 -0.0339828
2.56 -0.18584 -0.03307
2.57 -0.186166 -0.0321851
2.58 -0.186483 -0.031327
2.59 -0.186793 -0.0304948
2.6 -0.187093 -0.0296877
2.61 -0.187386 -0.0289049
2.62 -0.187672 -0.0281455
2.63 -0.187949 -0.0274087
2.64 -0.18822 -0.0266938
2.65 -0.188483 -0.0260001
2.66 -0.18874 -0.0253268
2.67 -0.18899 -0.0246734
2.68 -0.189233 -0.024039
2.69 -0.189471 -0.0234232
2.7 -0.189702 -0.0228253
2.71 -0.189927 -0.0222448
2.72 -0.190147 -0.021681
2.73 -0.190361 -0.0211334
2.74 -0.19057 -0.0206015
2.75 -0.190773 -0.0200849
2.76 -0.190971 -0.019583
2.77 -0.191165 -0.0190953
2.78 -0.191353 -0.0186214
2.79 -0.191537 -0.0181609
2.8 -0.191717 -0.0177133
2.81 -0.191892 -0.0172782
2.82 -0.192062 -0.0168553
2.83 -0.192229 -0.0164442
2.84 -0.192391 -0.0160444
2.85 -0.19255 -0.0156557
2.86 -0.192704 -0.0152777
2.87 -0.192855 -0.0149101
2.88 -0.193002 -0.0145525
2.89 -0.193146 -0.0142047
2.9 -0.193287 -0.0138664
2.91 -0.193424 -0.0135372
2.92 -0.193557 -0.0132168
2.93 -0.193688 -0.0129051
2.94 -0.193816 -0.0126018
2.95 -0.19394 -0.0123066
2.96 -0.194062 -0.0120192
2.97 -0.19418 -0.0117395
2.98 -0.194296 -0.0114671
2.99 -0.19441 -0.011202
3 -0.194521 -0.0109438
3.01 -0.194629 -0.0106924
3.02 -0.194734 -0.0104476
3.03 -0.194838 -0.0102091
3.04 -0.194939 -0.00997687
3.05 -0.195037 -0.00975062
3.06 -0.195134 -0.0095302
3.07 -0.195228 -0.00931545
3.08 -0.19532 -0.00910621
3.09 -0.19541 -0.00890231
3.1 -0.195498 -0.00870361
3.11 -0.195584 -0.00850996
3.12 -0.195668 -0.00832121
3.13 -0.195751 -0.00813722
3.14 -0.195831 -0.00795786
3.15 -0.19591 -0.00778301
3.16 -0.195987 -0.00761252
3.17 -0.196062 -0.00744628
3.18 -0.196136 -0.00728418
3.19 -0.196208 -0.00712609
3.2 -0.196278 -0.00697191
3.21 -0.196347 -0.00682152
3.22 -0.196415 -0.00667483
3.23 -0.196481 -0.00653173
3.24 -0.196545 -0.00639212
3.25 -0.196609 -0.0062559
3.26 -0.19667 -0.00612299
3.27 -0.196731 -0.0059933
3.28 -0.19679 -0.00586673
3.29 -0.196848 -0.00574321
3.3 -0.196905 -0.00562264
3.31 -0.196961 -0.00550496
3.32 -0.197015 -0.00539008
3.33 -0.197069 -0.00527794
3.34 -0.197121 -0.00516844
3.35 -0.197172 -0.00506154
3.36 -0.197222 -0.00495715
3.37 -0.197271 -0.00485522
3.38 -0.197319 -0.00475567
3.39 -0.197366 -0.00465844
3.4 -0.197412 -0.00456348
3.41 -0.197458 -0.00447072
3.42 -0.197502 -0.00438011
3.43 -0.197545 -0.00429159
3.44 -0.197588 -0.00420511
3.45 -0.197629 -0.00412062
3.46 -0.19767 -0.00403805
3.47 -0.19771 -0.00395737
3.48 -0.197749 -0.00387853
3.49 -0.197788 -0.00380148
3.5 -0.197825 -0.00372617
3.51 -0.197862 -0.00365255
3.52 -0.197898 -0.0035806
3.53 -0.197934 -0.00351026
3.54 -0.197968 -0.00344149
3.55 -0.198003 -0.00337426
3.56 -0.198036 -0.00330852
3.57 -0.198069 -0.00324425
3.58 -0.198101 -0.00318139
3.59 -0.198132 -0.00311993
3.6 -0.198163 -0.00305981
3.61 -0.198194 -0.00300102
3.62 -0.198223 -0.00294351
3.63 -0.198252 -0.00288725
3.64 -0.198281 -0.00283223
3.65 -0.198309 -0.00277839
3.66 -0.198337 -0.00272573
3.67 -0.198364 -0.0026742
3.68 -0.19839 -0.00262378
3.69 -0.198416 -0.00257444
3.7 -0.198442 -0.00252616
3.71 -0.198467 -0.00247891
3.72 -0.198491 -0.00243267
3.73 -0.198515 -0.00238741
3.74 -0.198539 -0.00234311
3.75 -0.198562 -0.00229975
3.76 -0.198585 -0.0022573
3.77 -0.198607 -0.00221574
3.78 -0.198629 -0.00217506
3.79 -0.198651 -0.00213522
3.8 -0.198672 -0.00209622
3.81 -0.198693 -0.00205803
3.82 -0.198713 -0.00202064
3.83 -0.198733 -0.00198401
3.84 -0.198753 -0.00194815
3.85 -0.198772 -0.00191302
3.86 -0.198791 -0.00187861
3.87 -0.19881 -0.00184491
3.88 -0.198828 -0.0018119
3.89 -0.198846 -0.00177956
3.9 -0.198864 -0.00174788
3.91 -0.198881 -0.00171684
3.92 -0.198898 -0.00168643
3.93 -0.198915 -0.00165664
3.94 -0.198931 -0.00162744
3.95 -0.198947 -0.00159883
3.96 -0.198963 -0.0015708
3.97 -0.198979 -0.00154332
3.98 -0.198994 -0.00151639
3.99 -0.199009 -0.00149
4 -0.199024 -0.00146413
4.01 -0.199038 -0.00143877
4.02 -0.199052 -0.00141391
4.03 -0.199066 -0.00138955
4.04 -0.19908 -0.00136566
4.05 -0.199094 -0.00134224
4.06 -0.199107 -0.00131927
4.07 -0.19912 -0.00129676
4.08 -0.199133 -0.00127468
4.09 -0.199146 -0.00125303
4.1 -0.199158 -0.0012318
4.11 -0.19917 -0.00121098
4.12 -0.199182 -0.00119056
4.13 -0.199194 -0.00117054
4.14 -0.199206 -0.0011509
4.15 -0.199217 -0.00113163
4.16 -0.199228 -0.00111273
4.17 -0.199239 -0.00109419
4.18 -0.19925 -0.00107601
4.19 -0.199261 -0.00105816
4.2 -0.199271 -0.00104066
4.21 -0.199282 -0.00102348
4.22 -0.199292 -0.00100663
4.23 -0.199302 -0.000990095
4.24 -0.199312 -0.000973869
4.25 -0.199321 -0.000957947
4.26 -0.199331 -0.000942321
4.27 -0.19934 -0.000926985
4.28 -0.199349 -0.000911934
4.29 -0.199358 -0.000897162
4.3 -0.199367 -0.000882662
4.31 -0.199376 -0.00086843
4.32 -0.199385 -0.000854459
4.33 -0.199393 -0.000840745
4.34 -0.199402 -0.000827281
4.35 -0.19941 -0.000814063
4.36 -0.199418 -0.000801086
4.37 -0.199426 -0.000788345
4.38 -0.199434 -0.000775835
4.39 -0.199441 -0.000763551
4.4 -0.199449 -0.000751489
4.41 -0.199456 -0.000739644
4.42 -0.199464 -0.000728013
4.43 -0.199471 -0.000716589
4.44 -0.199478 -0.00070537
4.45 -0.199485 -0.000694351
4.46 -0.199492 -0.000683529
4.47 -0.199499 -0.000672899
4.48 -0.199505 -0.000662457
4.49 -0.199512 -0.0006522
4.5 -0.199518 -0.000642124
4.51 -0.199525 -0.000632226
4.52 -0.199531 -0.000622501
4.53 -0.199537 -0.000612948
4.54 -0.199543 -0.000603561
4.55 -0.199549 -0.000594338
4.56 -0.199555 -0.000585276
4.57 -0.199561 -0.000576371
4.58 -0.199567 -0.000567621
4.59 -0.199572 -0.000559023
4.6 -0.199578 -0.000550573
4.61 -0.199583 -0.000542268
4.62 -0.199589 -0.000534107
4.63 -0.199594 -0.000526085
4.64 -0.199599 -0.000518201
4.65 -0.199604 -0.000510452
4.66 -0.199609 -0.000502834
4.67 -0.199614 -0.000495347
4.68 -0.199619 -0.000487986
4.69 -0.199624 -0.00048075
4.7 -0.199629 -0.000473637
4.71 -0.199634 -0.000466644
4.72 -0.199638 -0.000459768
4.73 -0.199643 -0.000453008
4.74 -0.199647 -0.000446361
4.75 -0.199652 -0.000439825
4.76 -0.199656 -0.000433399
4.77 -0.19966 -0.00042708
4.78 -0.199665 -0.000420865
4.79 -0.199669 -0.000414754
4.8 -0.199673 -0.000408744
4.81 -0.199677 -0.000402833
4.82 -0.199681 -0.00039702
4.83 -0.199685 -0.000391303
4.84 -0.199689 -0.000385679
4.85 -0.199693 -0.000380148
4.86 -0.199696 -0.000374707
4.87 -0.1997 -0.000369355
4.88 -0.199704 -0.00036409
4.89 -0.199707 -0.00035891
4.9 -0.199711 -0.000353815
4.91 -0.199715 -0.000348802
4.92 -0.199718 -0.00034387
4.93 -0.199721 -0.000339018
4.94 -0.199725 -0.000334243
4.95 -0.199728 -0.000329546
4.96 -0.199731 -0.000324924
4.97 -0.199735 -0.000320375
4.98 -0.199738 -0.000315899
4.99 -0.199741 -0.000311495
5 -0.199744 -0.000307161
5.01 -0.199747 -0.000302895
5.02 -0.19975 -0.000298697
5.03 -0.199753 -0.000294565
5.04 -0.199756 -0.000290499
5.05 -0.199759 -0.000286496
5.06 -0.199762 -0.000282557
5.07 -0.199765 -0.000278679
5.08 -0.199767 -0.000274862
5.09 -0.19977 -0.000271105
5.1 -0.199773 -0.000267406
5.11 -0.199775 -0.000263764
5.12 -0.199778 -0.00026018
5.13 -0.199781 -0.00025665
5.14 -0.199783 -0.000253176
5.15 -0.199786 -0.000249755
5.16 -0.199788 -0.000246387
5.17 -0.199791 -0.00024307
5.18 -0.199793 -0.000239805
5.19 -0.199795 -0.000236589
5.2 -0.199798 -0.000233423
5.21 -0.1998 -0.000230305
5.22 -0.199802 -0.000227235
5.23 -0.199805 -0.000224211
5.24 -0.199807 -0.000221233
5.25 -0.199809 -0.0002183
5.26 -0.199811 -0.000215412
5.27 -0.199813 -0.000212567
5.28 -0.199815 -0.000209765
5.29 -0.199817 -0.000207006
5.3 -0.19982 -0.000204287
5.31 -0.199822 -0.000201609
5.32 -0.199824 -0.000198972
5.33 -0.199826 -0.000196374
5.34 -0.199827 -0.000193814
5.35 -0.199829 -0.000191292
5.36 -0.199831 -0.000188808
5.37 -0.199833 -0.000186361
5.38 -0.199835 -0.00018395
5.39 -0.199837 -0.000181574
5.4 -0.199839 -0.000179234
5.41 -0.19984 -0.000176928
5.42 -0.199842 -0.000174655
5.43 -0.199844 -0.000172416
5.44 -0.199846 -0.00017021
5.45 -0.199847 -0.000168036
5.46 -0.199849 -0.000165894
5.47 -0.199851 -0.000163783
5.48 -0.199852 -0.000161702
5.49 -0.199854 -0.000159652
5.5 -0.199855 -0.000157631
5.51 -0.199857 -0.000155639
5.52 -0.199859 -0.000153676
5.53 -0.19986 -0.000151742
5.54 -0.199862 -0.000149835
5.55 -0.199863 -0.000147955
5.56 -0.199865 -0.000146103
5.57 -0.199866 -0.000144277
5.58 -0.199867 -0.000142476
5.59 -0.199869 -0.000140702
5.6 -0.19987 -0.000138953
5.61 -0.199872 -0.000137228
5.62 -0.199873 -0.000135528
5.63 -0.199874 -0.000133852
5.64 -0.199876 -0.0001322
5.65 -0.199877 -0.000130571
5.66 -0.199878 -0.000128964
5.67 -0.19988 -0.000127381
5.68 -0.199881 -0.000125819
5.69 -0.199882 -0.00012428
5.7 -0.199883 -0.000122761
5.71 -0.199885 -0.000121264
5.72 -0.199886 -0.000119788
5.73 -0.199887 -0.000118333
5.74 -0.199888 -0.000116897
5.75 -0.199889 -0.000115481
5.76 -0.19989 -0.000114085
5.77 -0.199892 -0.000112709
5.78 -0.199893 -0.000111351
5.79 -0.199894 -0.000110012
5.8 -0.199895 -0.000108691
5.81 -0.199896 -0.000107388
5.82 -0.199897 -0.000106103
5.83 -0.199898 -0.000104836
5.84 -0.199899 -0.000103586
5.85 -0.1999 -0.000102353
5.86 -0.199901 -0.000101136
5.87 -0.199902 -9.99363e-05
5.88 -0.199903 -9.87527e-05
5.89 -0.199904 -9.75851e-05
5.9 -0.199905 -9.64332e-05
5.91 -0.199906 -9.52968e-05
5.92 -0.199907 -9.41758e-05
5.93 -0.199908 -9.30697e-05
5.94 -0.199909 -9.19785e-05
5.95 -0.19991 -9.09019e-05
5.96 -0.199911 -8.98396e-05
5.97 -0.199912 -8.87916e-05
5.98 -0.199913 -8.77574e-05
5.99 -0.199913 -8.67371e-05
6 -0.199914 -8.57302e-05
6.01 -0.199915 -8.47367e-05
6.02 -0.199916 -8.37563e-05
6.03 -0.199917 -8.27889e-05
6.04 -0.199918 -8.18342e-05
6.05 -0.199918 -8.08921e-05
6.06 -0.199919 -7.99623e-05
6.07 -0.19992 -7.90448e-05
6.08 -0.199921 -7.81392e-05
6.09 -0.199922 -7.72455e-05
6.1 -0.199922 -7.63634e-05
6.11 -0.199923 -7.54929e-05
6.12 -0.199924 -7.46337e-05
6.13 -0.199925 -7.37856e-05
6.14 -0.199925 -7.29485e-05
6.15 -0.199926 -7.21223e-05
6.16 -0.199927 -7.13067e-05
6.17 -0.199927 -7.05017e-05
6.18 -0.199928 -6.9707e-05
6.19 -0.199929 -6.89225e-05
6.2 -0.19993 -6.81482e-05
6.21 -0.19993 -6.73837e-05
6.22 -0.199931 -6.6629e-05
6.23 -0.199932 -6.5884e-05
6.24 -0.199932 -6.51485e-05
6.25 -0.199933 -6.44223e-05
6.26 -0.199934 -6.37054e-05
6.27 -0.199934 -6.29976e-05
6.28 -0.199935 -6.22988e-05
6.29 -0.199935 -6.16088e-05
6.3 -0.199936 -6.09275e-05
6.31 -0.199937 -6.02548e-05
6.32 -0.199937 -5.95906e-05
6.33 -0.199938 -5.89348e-05
6.34 -0.199938 -5.82872e-05
6.35 -0.199939 -5.76477e-05
6.36 -0.19994 -5.70162e-05
6.37 -0.19994 -5.63926e-05
6.38 -0.199941 -5.57768e-05
6.39 -0.199941 -5.51687e-05
6.4 -0.199942 -5.45681e-05
6.41 -0.199942 -5.3975e-05
6.42 -0.199943 -5.33892e-05
6.43 -0.199943 -5.28107e-05
6.44 -0.199944 -5.22394e-05
6.45 -0.199944 -5.16751e-05
6.46 -0.199945 -5.11177e-05
6.47 -0.199945 -5.05673e-05
6.48 -0.199946 -5.00235e-05
6.49 -0.199946 -4.94865e-05
6.5 -0.199947 -4.8956e-05
6.51 -0.199947 -4.84321e-05
6.52 -0.199948 -4.79145e-05
6.53 -0.199948 -4.74032e-05
6.54 -0.199949 -4.68982e-05
6.55 -0.199949 -4.63993e-05
6.56 -0.19995 -4.59064e-05
6.57 -0.19995 -4.54196e-05
6.58 -0.199951 -4.49386e-05
6.59 -0.199951 -4.44634e-05
6.6 -0.199952 -4.3994e-05
6.61 -0.199952 -4.35302e-05
6.62 -0.199952 -4.3072e-05
6.63 -0.199953 -4.26193e-05
6.64 -0.199953 -4.2172e-05
6.65 -0.199954 -4.17301e-05
6.66 -0.199954 -4.12935e-05
6.67 -0.199955 -4.08621e-05
6.68 -0.199955 -4.04358e-05
6.69 -0.199955 -4.00146e-05
6.7 -0.199956 -3.95984e-05
6.71 -0.199956 -3.91872e-05
6.72 -0.199957 -3.87808e-05
6.73 -0.199957 -3.83792e-05
6.74 -0.199957 -3.79824e-05
6.75 -0.199958 -3.75903e-05
6.76 -0.199958 -3.72028e-05
6.77 -0.199958 -3.68198e-05
6.78 -0.199959 -3.64413e-05
6.79 -0.199959 -3.60673e-05
6.8 -0.19996 -3.56977e-05
6.81 -0.19996 -3.53324e-05
6.82 -0.19996 -3.49713e-05
6.83 -0.199961 -3.46145e-05
6.84 -0.199961 -3.42618e-05
6.85 -0.199961 -3.39132e-05
6.86 -0.199962 -3.35687e-05
6.87 -0.199962 -3.32281e-05
6.88 -0.199962 -3.28915e-05
6.89 -0.199963 -3.25588e-05
6.9 -0.199963 -3.22299e-05
6.91 -0.199963 -3.19049e-05
6.92 -0.199964 -3.15835e-05
6.93 -0.199964 -3.12659e-05
6.94 -0.199964 -3.09519e-05
6.95 -0.199965 -3.06415e-05
6.96 -0.199965 -3.03346e-05
6.97 -0.199965 -3.00313e-05
6.98 -0.199965 -2.97314e-05
6.99 -0.199966 -2.9435e-05
7 -0.199966 -2.91419e-05
7.01 -0.199966 -2.88521e-05
7.02 -0.199967 -2.85657e-05
7.03 -0.199967 -2.82824e-05
7.04 -0.199967 -2.80024e-05
7.05 -0.199967 -2.77256e-05
7.06 -0.199968 -2.74518e-05
7.07 -0.199968 -2.71812e-05
7.08 -0.199968 -2.69136e-05
7.09 -0.199969 -2.6649e-05
7.1 -0.199969 -2.63874e-05
7.11 -0.199969 -2.61287e-05
7.12 -0.199969 -2.58729e-05
7.13 -0.19997 -2.56199e-05
7.14 -0.19997 -2.53698e-05
7.15 -0.19997 -2.51225e-05
7.16 -0.19997 -2.48779e-05
7.17 -0.199971 -2.4636e-05
7.18 -0.199971 -2.43969e-05
7.19 -0.199971 -2.41603e-05
7.2 -0.199971 -2.39264e-05
7.21 -0.199972 -2.36951e-05
7.22 -0.199972 -2.34663e-05
7.23 -0.199972 -2.32401e-05
7.24 -0.199972 -2.30163e-05
7.25 -0.199972 -2.2795e-05
7.26 -0.199973 -2.25761e-05
7.27 -0.199973 -2.23596e-05
7.28 -0.199973 -2.21455e-05
7.29 -0.199973 -2.19337e-05
7.3 -0.199974 -2.17243e-05
7.31 -0.199974 -2.15171e-05
7.32 -0.199974 -2.13122e-05
7.33 -0.199974 -2.11095e-05
7.34 -0.199974 -2.0909e-05
7.35 -0.199975 -2.07107e-05
7.36 -0.199975 -2.05145e-05
7.37 -0.199975 -2.03205e-05
7.38 -0.199975 -2.01285e-05
7.39 -0.199975 -1.99386e-05
7.4 -0.199976 -1.97508e-05
7.41 -0.199976 -1.95649e-05
7.42 -0.199976 -1.93811e-05
7.43 -0.199976 -1.91993e-05
7.44 -0.199976 -1.90193e-05
7.45 -0.199977 -1.88414e-05
7.46 -0.199977 -1.86653e-05
7.47 -0.199977 -1.84911e-05
7.48 -0.199977 -1.83187e-05
7.49 -0.199977 -1.81482e-05
7.5 -0.199978 -1.79795e-05
7.51 -0.199978 -1.78126e-05
7.52 -0.199978 -1.76474e-05
7.53 -0.199978 -1.7484e-05
7.54 -0.199978 -1.73224e-05
7.55 -0.199978 -1.71624e-05
7.56 -0.199979 -1.70041e-05
7.57 -0.199979 -1.68475e-05
7.58 -0.199979 -1.66925e-05
7.59 -0.199979 -1.65392e-05
7.6 -0.199979 -1.63875e-05
7.61 -0.199979 -1.62373e-05
7.62 -0.19998 -1.60887e-05
7.63 -0.19998 -1.59417e-05
7.64 -0.19998 -1.57962e-05
7.65 -0.19998 -1.56523e-05
7.66 -0.19998 -1.55098e-05
7.67 -0.19998 -1.53688e-05
7.68 -0.199981 -1.52292e-05
7.69 -0.199981 -1.50912e-05
7.7 -0.199981 -1.49545e-05
7.71 -0.199981 -1.48193e-05
7.72 -0.199981 -1.46854e-05
7.73 -0.199981 -1.45529e-05
7.74 -0.199981 -1.44218e-05
7.75 -0.199982 -1.42921e-05
7.76 -0.199982 -1.41637e-05
7.77 -0.199982 -1.40365e-05
7.78 -0.199982 -1.39107e-05
7.79 -0.199982 -1.37862e-05
7.8 -0.199982 -1.3663e-05
7.81 -0.199982 -1.3541e-05
7.82 -0.199983 -1.34202e-05
7.83 -0.199983 -1.33007e-05
7.84 -0.199983 -1.31824e-05
7.85 -0.199983 -1.30653e-05
7.86 -0.199983 -1.29494e-05
7.87 -0.199983 -1.28347e-05
7.88 -0.199983 -1.27211e-05
7.89 -0.199983 -1.26087e-05
7.9 -0.199984 -1.24974e-05
7.91 -0.199984 -1.23872e-05
7.92 -0.199984 -1.22781e-05
7.93 -0.199984 -1.21701e-05
7.94 -0.199984 -1.20632e-05
7.95 -0.199984 -1.19574e-05
7.96 -0.199984 -1.18527e-05
7.97 -0.199984 -1.1749e-05
7.98 -0.199985 -1.16463e-05
7.99 -0.199985 -1.15446e-05
8 -0.199985 -1.1444e-05
8.01 -0.199985 -1.13444e-05
8.02 -0.199985 -1.12457e-05
8.03 -0.199985 -1.11481e-05
8.04 -0.199985 -1.10514e-05
8.05 -0.199985 -1.09556e-05
8.06 -0.199985 -1.08608e-05
8.07 -0.199986 -1.0767e-05
8.08 -0.199986 -1.0674e-05
8.09 -0.199986 -1.0582e-05
8.1 -0.199986 -1.04909e-05
8.11 -0.199986 -1.04007e-05
8.12 -0.199986 -1.03114e-05
8.13 -0.199986 -1.02229e-05
8.14 -0.199986 -1.01353e-05
8.15 -0.199986 -1.00486e-05
8.16 -0.199986 -9.9627e-06
8.17 -0.199987 -9.87766e-06
8.18 -0.199987 -9.79344e-06
8.19 -0.199987 -9.71004e-06
8.2 -0.199987 -9.62745e-06
8.21 -0.199987 -9.54567e-06
8.22 -0.199987 -9.46467e-06
8.23 -0.199987 -9.38447e-06
8.24 -0.199987 -9.30503e-06
8.25 -0.199987 -9.22637e-06
8.26 -0.199987 -9.14846e-06
8.27 -0.199987 -9.07131e-06
8.28 -0.199988 -8.9949e-06
8.29 -0.199988 -8.91922e-06
8.3 -0.199988 -8.84427e-06
8.31 -0.199988 -8.77004e-06
8.32 -0.199988 -8.69652e-06
8.33 -0.199988 -8.6237e-06
8.34 -0.199988 -8.55158e-06
8.35 -0.199988 -8.48015e-06
8.36 -0.199988 -8.4094e-06
8.37 -0.199988 -8.33932e-06
8.38 -0.199988 -8.26991e-06
8.39 -0.199989 -8.20116e-06
8.4 -0.199989 -8.13306e-06
8.41 -0.199989 -8.0656e-06
8.42 -0.199989 -7.99879e-06
8.43 -0.199989 -7.9326e-06
8.44 -0.199989 -7.86705e-06
8.45 -0.199989 -7.80211e-06
8.46 -0.199989 -7.73778e-06
8.47 -0.199989 -7.67406e-06
8.48 -0.199989 -7.61093e-06
8.49 -0.199989 -7.5484e-06
8.5 -0.199989 -7.48646e-06
8.51 -0.199989 -7.4251e-06
8.52 -0.19999 -7.36431e-06
8.53 -0.19999 -7.30408e-06
8.54 -0.19999 -7.24442e-06
8.55 -0.19999 -7.18532e-06
8.56 -0.19999 -7.12677e-06
8.57 -0.19999 -7.06876e-06
8.58 -0.19999 -7.01129e-06
8.59 -0.19999 -6.95436e-06
8.6 -0.19999 -6.89795e-06
8.61 -0.19999 -6.84206e-06
8.62 -0.19999 -6.78669e-06
8.63 -0.19999 -6.73184e-06
8.64 -0.19999 -6.67749e-06
8.65 -0.19999 -6.62364e-06
8.66 -0.199991 -6.57028e-06
8.67 -0.199991 -6.51742e-06
8.68 -0.199991 -6.46504e-06
8.69 -0.199991 -6.41314e-06
8.7 -0.199991 -6.36172e-06
8.71 -0.199991 -6.31077e-06
8.72 -0.199991 -6.26028e-06
8.73 -0.199991 -6.21026e-06
8.74 -0.199991 -6.16069e-06
8.75 -0.199991 -6.11157e-06
8.76 -0.199991 -6.0629e-06
8.77 -0.199991 -6.01468e-06
8.78 -0.199991 -5.96689e-06
8.79 -0.199991 -5.91953e-06
8.8 -0.199991 -5.8726e-06
8.81 -0.199991 -5.8261e-06
8.82 -0.199992 -5.78002e-06
8.83 -0.199992 -5.73435e-06
8.84 -0.199992 -5.6891e-06
8.85 -0.199992 -5.64425e-06
8.86 -0.199992 -5.59981e-06
8.87 -0.199992 -5.55577e-06
8.88 -0.199992 -5.51212e-06
8.89 -0.199992 -5.46886e-06
8.9 -0.199992 -5.426e-06
8.91 -0.199992 -5.38351e-06
8.92 -0.199992 -5.34141e-06
8.93 -0.199992 -5.29968e-06
8.94 -0.199992 -5.25832e-06
8.95 -0.199992 -5.21733e-06
8.96 -0.199992 -5.17671e-06
8.97 -0.199992 -5.13644e-06
8.98 -0.199992 -5.09654e-06
8.99 -0.199992 -5.05699e-06
9 -0.199992 -5.01778e-06
9.01 -0.199993 -4.97893e-06
9.02 -0.199993 -4.94042e-06
9.03 -0.199993 -4.90225e-06
9.04 -0.199993 -4.86442e-06
9.05 -0.199993 -4.82691e-06
9.06 -0.199993 -4.78974e-06
9.07 -0.199993 -4.7529e-06
9.08 -0.199993 -4.71638e-06
9.09 -0.199993 -4.68018e-06
9.1 -0.199993 -4.6443e-06
9.11 -0.199993 -4.60873e-06
9.12 -0.199993 -4.57347e-06
9.13 -0.199993 -4.53852e-06
9.14 -0.199993 -4.50388e-06
9.15 -0.199993 -4.46953e-06
9.16 -0.199993 -4.43549e-06
9.17 -0.199993 -4.40174e-06
9.18 -0.199993 -4.36829e-06
9.19 -0.199993 -4.33512e-06
9.2 -0.199993 -4.30224e-06
9.21 -0.199993 -4.26965e-06
9.22 -0.199993 -4.23734e-06
9.23 -0.199994 -4.20531e-06
9.24 -0.199994 -4.17355e-06
9.25 -0.199994 -4.14207e-06
9.26 -0.199994 -4.11086e-06
9.27 -0.199994 -4.07992e-06
9.28 -0.199994 -4.04924e-06
9.29 -0.199994 -4.01883e-06
9.3 -0.199994 -3.98868e-06
9.31 -0.199994 -3.95879e-06
9.32 -0.199994 -3.92915e-06
9.33 -0.199994 -3.89976e-06
9.34 -0.199994 -3.87063e-06
9.35 -0.199994 -3.84175e-06
9.36 -0.199994 -3.81311e-06
9.37 -0.199994 -3.78471e-06
9.38 -0.199994 -3.75656e-06
9.39 -0.199994 -3.72864e-06
9.4 -0.199994 -3.70097e-06
9.41 -0.199994 -3.67352e-06
9.42 -0.199994 -3.64631e-06
9.43 -0.199994 -3.61933e-06
9.44 -0.199994 -3.59258e-06
9.45 -0.199994 -3.56605e-06
9.46 -0.199994 -3.53975e-06
9.47 -0.199994 -3.51366e-06
9.48 -0.199994 -3.4878e-06
9.49 -0.199995 -3.46216e-06
9.5 -0.199995 -3.43673e-06
9.51 -0.199995 -3.41151e-06
9.52 -0.199995 -3.3865e-06
9.53 -0.199995 -3.36171e-06
9.54 -0.199995 -3.33712e-06
9.55 -0.199995 -3.31273e-06
9.56 -0.199995 -3.28855e-06
9.57 -0.199995 -3.26457e-06
9.58 -0.199995 -3.24079e-06
9.59 -0.199995 -3.21721e-06
9.6 -0.199995 -3.19383e-06
9.61 -0.199995 -3.17064e-06
9.62 -0.199995 -3.14764e-06
9.63 -0.199995 -3.12483e-06
9.64 -0.199995 -3.10221e-06
9.65 -0.199995 -3.07977e-06
9.66 -0.199995 -3.05753e-06
9.67 -0.199995 -3.03546e-06
9.68 -0.199995 -3.01358e-06
9.69 -0.199995 -2.99188e-06
9.7 -0.199995 -2.97035e-06
9.71 -0.199995 -2.94901e-06
9.72 -0.199995 -2.92783e-06
9.73 -0.199995 -2.90683e-06
9.74 -0.199995 -2.88601e-06
9.75 -0.199995 -2.86535e-06
9.76 -0.199995 -2.84486e-06
9.77 -0.199995 -2.82454e-06
9.78 -0.199995 -2.80439e-06
9.79 -0.199995 -2.7844e-06
9.8 -0.199995 -2.76457e-06
9.81 -0.199996 -2.7449e-06
9.82 -0.199996 -2.7254e-06
9.83 -0.199996 -2.70605e-06
9.84 -0.199996 -2.68686e-06
9.85 -0.199996 -2.66782e-06
9.86 -0.199996 -2.64894e-06
9.87 -0.199996 -2.63021e-06
9.88 -0.199996 -2.61163e-06
9.89 -0.199996 -2.5932e-06
9.9 -0.199996 -2.57492e-06
9.91 -0.199996 -2.55679e-06
9.92 -0.199996 -2.5388e-06
9.93 -0.199996 -2.52096e-06
9.94 -0.199996 -2.50326e-06
9.95 -0.199996 -2.4857e-06
9.96 -0.199996 -2.46828e-06
9.97 -0.199996 -2.45101e-06
9.98 -0.199996 -2.43387e-06
9.99 -0.199996 -2.41686e-06
