0              0              10             2.44929e-15    40             0              10             2.44929e-15    40             
0.03           5.32534e-17    10.842         1.0601e-15     14.7668        7.34788e-17    11.1691        2.44929e-15    36.871         
0.06           8.1446e-17     11.2037        7.6471e-16     7.69439        1.46958e-16    12.2428        2.44929e-15    33.6042        
0.09           1.03011e-16    11.3882        6.50314e-16    3.36781        2.20436e-16    13.2177        2.44929e-15    30.2677        
0.12           1.2203e-16     11.4534        6.14732e-16    -0.13738       2.93915e-16    14.0921        2.44929e-15    26.9011        
0.15           1.40391e-16    11.4157        5.95102e-16    -3.44487       3.67394e-16    14.8654        2.44929e-15    23.5355        
0.18           1.57674e-16    11.2825        5.29911e-16    -6.27197       4.40873e-16    15.538         2.44929e-15    20.2001        
0.21           1.72702e-16    11.0722        4.40287e-16    -8.3047        5.14352e-16    16.1111        2.44929e-15    16.9195        
0.24           1.84979e-16    10.8089        3.4853e-16     -9.562         5.8783e-16     16.5864        2.44929e-15    13.7117        
0.27           1.94596e-16    10.5142        2.67968e-16    -10.2415       6.61309e-16    16.9663        2.44929e-15    10.588         
0.3            2.0195e-16     10.2033        2.02917e-16    -10.5524       7.34788e-16    17.2534        2.44929e-15    7.55443        
0.33           2.07505e-16    9.88538        1.52666e-16    -10.6476       8.08267e-16    17.4505        2.44929e-15    4.6139         
0.36           2.11681e-16    9.56601        1.14698e-16    -10.6221       8.81746e-16    17.5602        2.44929e-15    1.7673         
0.39           2.14819e-16    9.24816        8.62962e-17    -10.5302       9.55225e-16    17.5855        2.44929e-15    -0.985556      
0.42           2.17182e-16    8.93348        6.51206e-17    -10.402        1.0287e-15     17.5291        2.44929e-15    -3.64547       
0.45           2.18968e-16    8.62287        4.93288e-17    -10.2541       1.10218e-15    17.3939        2.44929e-15    -6.21355       
0.48           2.20322e-16    8.31681        3.75265e-17    -10.0952       1.17566e-15    17.1825        2.44929e-15    -8.69111       
0.51           2.21354e-16    8.0156         2.86773e-17    -9.93031       1.24914e-15    16.8977        2.44929e-15    -11.0795       
0.54           2.22143e-16    7.71937        2.2017e-17     -9.76203       1.32262e-15    16.5421        2.44929e-15    -13.3803       
0.57           2.2275e-16     7.4282         1.69837e-17    -9.59184       1.3961e-15     16.1183        2.44929e-15    -15.5949       
0.6            2.23219e-16    7.14216        1.31635e-17    -9.42055       1.46958e-15    15.629         2.44929e-15    -17.7248       
0.63           2.23583e-16    6.86126        1.02515e-17    -9.24863       1.54305e-15    15.0766        2.44929e-15    -19.7715       
0.66           2.23867e-16    6.58552        8.02203e-18    -9.07634       1.61653e-15    14.4636        2.44929e-15    -21.7365       
0.69           2.2409e-16     6.31496        6.30753e-18    -8.90383       1.69001e-15    13.7925        2.44929e-15    -23.6215       
0.72           2.24265e-16    6.04957        4.98326e-18    -8.73118       1.76349e-15    13.0656        2.44929e-15    -25.4278       
0.75           2.24404e-16    5.78936        3.95589e-18    -8.55844       1.83697e-15    12.2853        2.44929e-15    -27.157        
0.78           2.24514e-16    5.53434        3.15536e-18    -8.38565       1.91045e-15    11.4539        2.44929e-15    -28.8106       
0.81           2.24602e-16    5.2845         2.52887e-18    -8.21282       1.98393e-15    10.5736        2.44929e-15    -30.3903       
0.84           2.24673e-16    5.03984        2.03644e-18    -8.03996       2.05741e-15    9.64671        2.44929e-15    -31.8974       
0.87           2.2473e-16     4.80037        1.64772e-18    -7.86708       2.13089e-15    8.67527        2.44929e-15    -33.3335       
0.9            2.24776e-16    4.56609        1.33954e-18    -7.69417       2.20436e-15    7.66145        2.44929e-15    -34.7002       
0.93           2.24814e-16    4.33699        1.09418e-18    -7.52126       2.27784e-15    6.60731        2.44929e-15    -35.9989       
0.96           2.24844e-16    4.11308        8.98008e-19    -7.34832       2.35132e-15    5.51487        2.44929e-15    -37.2313       
0.99           2.2487e-16     3.89436        7.40499e-19    -7.17537       2.4248e-15     4.38611        2.44929e-15    -38.3987       
1.02           2.24891e-16    3.68083        6.13506e-19    -7.00241       2.49828e-15    3.22297        2.44929e-15    -39.5028       
1.05           2.24908e-16    3.47249        5.10694e-19    -6.82943       2.57176e-15    2.02733        2.44929e-15    -40.5451       
1.08           2.24922e-16    3.26934        4.27118e-19    -6.65643       2.64524e-15    0.801025       2.44929e-15    -41.5271       
1.11           2.24934e-16    3.07137        3.58902e-19    -6.48342       2.71872e-15    0.385755       2.44929e-15    41.54          
1.14           2.24945e-16    2.8786         3.02999e-19    -6.31039       2.79219e-15    1.62317        2.44929e-15    40.674         
1.17           2.24953e-16    2.69102        2.57006e-19    -6.13734       2.86567e-15    2.83516        2.44929e-15    39.8637        
1.2            2.24961e-16    2.50863        2.19017e-19    -5.96427       2.93915e-15    4.0234         2.44929e-15    39.1077        
1.23           2.24967e-16    2.33143        1.87518e-19    -5.79119       3.01263e-15    5.18948        2.44929e-15    38.4043        
1.26           2.24972e-16    2.15943        1.613e-19      -5.61808       3.08611e-15    6.33497        2.44929e-15    37.752         
1.29           2.24977e-16    1.99262        1.39395e-19    -5.44495       3.15959e-15    7.46139        2.44929e-15    37.1493        
1.32           2.24981e-16    1.831          1.21027e-19    -5.2718        3.23307e-15    8.57022        2.44929e-15    36.5947        
1.35           2.24984e-16    1.67458        1.05569e-19    -5.09863       3.30655e-15    9.66288        2.44929e-15    36.0866        
1.38           2.24987e-16    1.52335        9.25135e-20    -4.92543       3.38003e-15    10.7407        2.44929e-15    35.6236        
1.41           2.2499e-16     1.37732        8.14491e-20    -4.75221       3.4535e-15     11.8052        2.44929e-15    35.204         
1.44           2.24992e-16    1.23649        7.20405e-20    -4.57895       3.52698e-15    12.8574        2.44929e-15    34.8264        
1.47           2.24994e-16    1.10085        6.40139e-20    -4.40567       3.60046e-15    13.8988        2.44929e-15    34.4893        
1.5            2.24996e-16    0.970412       5.71446e-20    -4.23236       3.67394e-15    14.9304        2.44929e-15    34.191         
1.53           2.24998e-16    0.845175       5.12482e-20    -4.05901       3.74742e-15    15.9534        2.44929e-15    33.9301        
1.56           2.24999e-16    0.725138       4.61721e-20    -3.88563       3.8209e-15     16.969         2.44929e-15    33.705         
1.59           2.25001e-16    0.610303       4.17905e-20    -3.71221       3.89438e-15    17.9781        2.44929e-15    33.5142        
1.62           2.25002e-16    0.500672       3.79986e-20    -3.53875       3.96786e-15    18.9819        2.44929e-15    33.3563        
1.65           2.25003e-16    0.396244       3.47096e-20    -3.36525       4.04133e-15    19.9813        2.44929e-15    33.2295        
1.68           2.25004e-16    0.297022       3.18507e-20    -3.19171       4.11481e-15    20.9771        2.44929e-15    33.1325        
1.71           2.25005e-16    0.203006       2.93613e-20    -3.01811       4.18829e-15    21.9703        2.44929e-15    33.0636        
1.74           2.25006e-16    0.114199       2.71903e-20    -2.84447       4.26177e-15    22.9618        2.44929e-15    33.0214        
1.77           2.25007e-16    0.030602       2.5295e-20     -2.67077       4.33525e-15    23.9522        2.44929e-15    33.0043        
1.8            2.25007e-16    0.00389435     2.36272e-20    2.55673        4.40873e-15    24.9423        2.44929e-15    33.0057        
1.83           2.25008e-16    0.0789093      2.21457e-20    2.38787        4.48221e-15    25.9324        2.44929e-15    32.9898        
1.86           2.25009e-16    0.148852       2.08491e-20    2.21837        4.55569e-15    26.9218        2.44929e-15    32.9527        
1.89           2.25009e-16    0.213703       1.97156e-20    2.04831        4.62916e-15    27.9098        2.44929e-15    32.8961        
1.92           2.2501e-16     0.273448       1.87266e-20    1.87778        4.70264e-15    28.896         2.44929e-15    32.8213        
1.95           2.2501e-16     0.328073       1.78666e-20    1.70683        4.77612e-15    29.8798        2.44929e-15    32.73          
1.98           2.25011e-16    0.377566       1.7122e-20     1.53553        4.8496e-15     30.8606        2.44929e-15    32.6237        
2.01           2.25011e-16    0.421916       1.64816e-20    1.3639         4.92308e-15    31.8382        2.44929e-15    32.5037        
2.04           2.25012e-16    0.461114       1.5936e-20     1.19198        4.99656e-15    32.812         2.44929e-15    32.3718        
2.07           2.25012e-16    0.495152       1.54773e-20    1.01978        5.07004e-15    33.7817        2.44929e-15    32.2293        
2.1            2.25013e-16    0.524022       1.50988e-20    0.847333       5.14352e-15    34.7471        2.44929e-15    32.0778        
2.13           2.25013e-16    0.547715       1.47953e-20    0.674639       5.217e-15      35.7079        2.44929e-15    31.9188        
2.16           2.25014e-16    0.566226       1.45627e-20    0.501707       5.29047e-15    36.6638        2.44929e-15    31.7538        
2.19           2.25014e-16    0.579546       1.43976e-20    0.328539       5.36395e-15    37.6147        2.44929e-15    31.5845        
2.22           2.25015e-16    0.587668       1.4298e-20     0.155133       5.43743e-15    38.5605        2.44929e-15    31.4122        
2.25           2.25015e-16    0.590587       1.42624e-20    -0.018517      5.51091e-15    39.5012        2.44929e-15    31.2386        
2.28           2.25015e-16    0.588294       1.42345e-20    -0.192008      5.58439e-15    40.4366        2.44929e-15    31.0651        
2.31           2.25016e-16    0.580816       1.41438e-20    -0.362874      5.65787e-15    41.3668        2.44929e-15    30.8933        
2.34           2.25016e-16    0.568261       1.39927e-20    -0.528146      5.73135e-15    42.2919        2.44929e-15    30.7247        
2.37           2.25017e-16    0.550826       1.37854e-20    -0.685077      5.80483e-15    43.212         2.44929e-15    30.5608        
2.4            2.25017e-16    0.528786       1.35275e-20    -0.83125       5.8783e-15     44.1273        2.44929e-15    30.4029        
2.43           2.25018e-16    0.502484       1.32259e-20    -0.964652      5.95178e-15    45.0378        2.44929e-15    30.2524        
2.46           2.25018e-16    0.47232        1.28881e-20    -1.08373       6.02526e-15    45.9439        2.44929e-15    30.1103        
2.49           2.25018e-16    0.438737       1.2522e-20     -1.18738       6.09874e-15    46.8459        2.44929e-15    29.9779        
2.52           2.25019e-16    0.402203       1.21354e-20    -1.27496       6.17222e-15    47.744         2.44929e-15    29.8558        
2.55           2.25019e-16    0.363205       1.17357e-20    -1.34625       6.2457e-15     48.6385        2.44929e-15    29.7451        
2.58           2.25019e-16    0.322231       1.13298e-20    -1.40136       6.31918e-15    49.5299        2.44929e-15    29.6462        
2.61           2.2502e-16     0.279763       1.09238e-20    -1.44071       6.39266e-15    50.4184        2.44929e-15    29.5597        
2.64           2.2502e-16     0.236266       1.05231e-20    -1.46494       6.46614e-15    51.3044        2.44929e-15    29.4858        
2.67           2.2502e-16     0.192188       1.01319e-20    -1.47485       6.53961e-15    52.1883        2.44929e-15    29.4249        
2.7            2.25021e-16    0.147949       9.75392e-21    -1.47135       6.61309e-15    53.0706        2.44929e-15    29.3771        
2.73           2.25021e-16    0.103941       9.39192e-21    -1.45544       6.68657e-15    53.9515        2.44929e-15    29.3422        
2.76           2.25021e-16    0.0605271      9.04799e-21    -1.4281        6.76005e-15    54.8315        2.44929e-15    29.3201        
2.79           2.25022e-16    0.0180398      8.72365e-21    -1.39033       6.83353e-15    55.711         2.44929e-15    29.3107        
2.82           2.25022e-16    0.00413653     8.41873e-21    1.36037        6.90701e-15    56.5903        2.44929e-15    29.3108        
2.85           2.25022e-16    0.0444519      8.13219e-21    1.3089         6.98049e-15    57.4696        2.44929e-15    29.3016        
2.88           2.25022e-16    0.0831404      7.86645e-21    1.24937        7.05397e-15    58.3485        2.44929e-15    29.2809        
2.91           2.25023e-16    0.119969       7.62162e-21    1.18262        7.12744e-15    59.2266        2.44929e-15    29.2492        
2.94           2.25023e-16    0.15473        7.3976e-21     1.10945        7.20092e-15    60.1037        2.44929e-15    29.207         
2.97           2.25023e-16    0.187236       7.19413e-21    1.03058        7.2744e-15     60.9794        2.44929e-15    29.155         
3              2.25023e-16    0.217325       7.01085e-21    0.946689       7.34788e-15    61.8534        2.44929e-15    29.094         
3.03           2.25023e-16    0.244852       6.84733e-21    0.858388       7.42136e-15    62.7256        2.44929e-15    29.0246        
3.06           2.25024e-16    0.26969        6.70311e-21    0.766253       7.49484e-15    63.5956        2.44929e-15    28.9476        
3.09           2.25024e-16    0.29173        6.57773e-21    0.670814       7.56832e-15    64.4632        2.44929e-15    28.8638        
3.12           2.25024e-16    0.310878       6.47076e-21    0.572561       7.6418e-15     65.3282        2.44929e-15    28.7741        
3.15           2.25024e-16    0.327053       6.38178e-21    0.47195        7.71527e-15    66.1905        2.44929e-15    28.6794        
3.18           2.25024e-16    0.34019        6.31045e-21    0.36941        7.78875e-15    67.0499        2.44929e-15    28.5805        
3.21           2.25025e-16    0.350235       6.25647e-21    0.265346       7.86223e-15    67.9063        2.44929e-15    28.4784        
3.24           2.25025e-16    0.357145       6.21962e-21    0.160145       7.93571e-15    68.7596        2.44929e-15    28.3739        
3.27           2.25025e-16    0.360891       6.19975e-21    0.0541794      8.00919e-15    69.6098        2.44929e-15    28.2679        
3.3            2.25025e-16    0.361454       6.195e-21      -0.0521814     8.08267e-15    70.4567        2.44929e-15    28.1616        
3.33           2.25025e-16    0.358826       6.18111e-21    -0.158151      8.15615e-15    71.3005        2.44929e-15    28.0556        
3.36           2.25025e-16    0.353034       6.15059e-21    -0.262278      8.22963e-15    72.1411        2.44929e-15    27.9511        
3.39           2.25026e-16    0.344149       6.10403e-21    -0.363104      8.30311e-15    72.9786        2.44929e-15    27.8489        
3.42           2.25026e-16    0.332283       6.04238e-21    -0.45926       8.37658e-15    73.8131        2.44929e-15    27.7499        
3.45           2.25026e-16    0.317588       5.96687e-21    -0.549506      8.45006e-15    74.6446        2.44929e-15    27.6549        
3.48           2.25026e-16    0.300254       5.87898e-21    -0.63276       8.52354e-15    75.4734        2.44929e-15    27.5648        
3.51           2.25026e-16    0.280499       5.78035e-21    -0.708116      8.59702e-15    76.2995        2.44929e-15    27.4802        
3.54           2.25027e-16    0.258568       5.67277e-21    -0.77486       8.6705e-15     77.1231        2.44929e-15    27.4019        
3.57           2.25027e-16    0.234725       5.55804e-21    -0.832467      8.74398e-15    77.9444        2.44929e-15    27.3305        
3.6            2.25027e-16    0.209249       5.43799e-21    -0.880599      8.81746e-15    78.7637        2.44929e-15    27.2664        
3.63           2.25027e-16    0.182424       5.31437e-21    -0.919089      8.89094e-15    79.5811        2.44929e-15    27.21          
3.66           2.25027e-16    0.154542       5.18882e-21    -0.947929      8.96441e-15    80.3969        2.44929e-15    27.1618        
3.69           2.25027e-16    0.12589        5.06289e-21    -0.967243      9.03789e-15    81.2113        2.44929e-15    27.1219        
3.72           2.25028e-16    0.0967521      4.93795e-21    -0.977273      9.11137e-15    82.0246        2.44929e-15    27.0906        
3.75           2.25028e-16    0.0674036      4.81522e-21    -0.978351      9.18485e-15    82.8371        2.44929e-15    27.0679        
3.78           2.25028e-16    0.0381093      4.69576e-21    -0.970881      9.25833e-15    83.649         2.44929e-15    27.0538        
3.81           2.25028e-16    0.00912103     4.58047e-21    -0.955322      9.33181e-15    84.4605        2.44929e-15    27.0482        
3.84           2.25028e-16    0.0185967      4.46957e-21    0.939007       9.40529e-15    85.2719        2.44929e-15    27.0456        
3.87           2.25028e-16    0.0464786      4.36398e-21    0.908649       9.47877e-15    86.0832        2.44929e-15    27.0346        
3.9            2.25028e-16    0.0733826      4.26448e-21    0.8717         9.55225e-15    86.8941        2.44929e-15    27.0156        
3.93           2.25028e-16    0.0991164      4.17145e-21    0.828696       9.62572e-15    87.7043        2.44929e-15    26.989         
3.96           2.25029e-16    0.123504       4.08517e-21    0.780168       9.6992e-15     88.5137        2.44929e-15    26.955         
3.99           2.25029e-16    0.146384       4.00587e-21    0.726634       9.77268e-15    89.3219        2.44929e-15    26.9141        
4.02           2.25029e-16    0.167612       3.93368e-21    0.668599       9.84616e-15    90.1289        2.44929e-15    26.8668        
4.05           2.25029e-16    0.187058       3.86872e-21    0.606552       9.91964e-15    90.9344        2.44929e-15    26.8136        
4.08           2.25029e-16    0.204606       3.81103e-21    0.540963       9.99312e-15    91.7382        2.44929e-15    26.7551        
4.11           2.25029e-16    0.220155       3.76065e-21    0.472286       1.00666e-14    92.5402        2.44929e-15    26.6918        
4.14           2.25029e-16    0.233615       3.71759e-21    0.40096        1.01401e-14    93.3403        2.44929e-15    26.6243        
4.17           2.25029e-16    0.244913       3.68183e-21    0.327408       1.02136e-14    94.1383        2.44929e-15    26.5533        
4.2            2.2503e-16     0.253985       3.65338e-21    0.252037       1.0287e-14     94.9342        2.44929e-15    26.4794        
4.23           2.2503e-16     0.260781       3.63222e-21    0.175247       1.03605e-14    95.7278        2.44929e-15    26.4032        
4.26           2.2503e-16     0.265262       3.61834e-21    0.0974252      1.0434e-14     96.5191        2.44929e-15    26.3256        
4.29           2.2503e-16     0.267401       3.61173e-21    0.0189556      1.05075e-14    97.3081        2.44929e-15    26.247         
4.32           2.2503e-16     0.267183       3.60989e-21    -0.0597637     1.05809e-14    98.0948        2.44929e-15    26.1683        
4.35           2.2503e-16     0.264605       3.60195e-21    -0.137993      1.06544e-14    98.879         2.44929e-15    26.0901        
4.38           2.2503e-16     0.259694       3.58686e-21    -0.214737      1.07279e-14    99.6609        2.44929e-15    26.0132        
4.41           2.2503e-16     0.252502       3.56487e-21    -0.289026      1.08014e-14    100.441        2.44929e-15    25.9381        
4.44           2.2503e-16     0.243114       3.53637e-21    -0.359944      1.08749e-14    101.218        2.44929e-15    25.8656        
4.47           2.2503e-16     0.231638       3.50182e-21    -0.426653      1.09483e-14    101.993        2.44929e-15    25.7963        
4.5            2.25031e-16    0.218209       3.46182e-21    -0.488407      1.10218e-14    102.766        2.44929e-15    25.7307        
4.53           2.25031e-16    0.202982       3.417e-21      -0.544563      1.10953e-14    103.538        2.44929e-15    25.6694        
4.56           2.25031e-16    0.186131       3.36806e-21    -0.594593      1.11688e-14    104.307        2.44929e-15    25.613         
4.59           2.25031e-16    0.167843       3.31573e-21    -0.638082      1.12423e-14    105.075        2.44929e-15    25.5617        
4.62           2.25031e-16    0.148319       3.26075e-21    -0.674733      1.13157e-14    105.842        2.44929e-15    25.5161        
4.65           2.25031e-16    0.127765       3.20385e-21    -0.70436       1.13892e-14    106.607        2.44929e-15    25.4765        
4.68           2.25031e-16    0.106393       3.14573e-21    -0.726876      1.14627e-14    107.371        2.44929e-15    25.4431        
4.71           2.25031e-16    0.0844171      3.08706e-21    -0.742294      1.15362e-14    108.134        2.44929e-15    25.4161        
4.74           2.25031e-16    0.0620487      3.02846e-21    -0.750707      1.16097e-14    108.896        2.44929e-15    25.3956        
4.77           2.25031e-16    0.0394968      2.97051e-21    -0.752279      1.16831e-14    109.658        2.44929e-15    25.3818        
4.8            2.25032e-16    0.0169644      2.91372e-21    -0.747238      1.17566e-14    110.419        2.44929e-15    25.3746        
4.83           2.25032e-16    -0.00535263    2.85854e-21    0.740336       1.18301e-14    111.18         2.44929e-15    25.374         
4.86           2.25032e-16    0.016726       2.80498e-21    0.725859       1.19036e-14    111.941        2.44929e-15    25.3712        
4.89           2.25032e-16    0.0383112      2.75359e-21    0.705543       1.1977e-14     112.702        2.44929e-15    25.362         
4.92           2.25032e-16    0.0592313      2.70468e-21    0.67974        1.20505e-14    113.463        2.44929e-15    25.3466        
4.95           2.25032e-16    0.0793252      2.65854e-21    0.648821       1.2124e-14     114.223        2.44929e-15    25.3252        
4.98           2.25032e-16    0.0984434      2.61537e-21    0.613171       1.21975e-14    114.983        2.44929e-15    25.2981        
5.01           2.25032e-16    0.116448       2.57536e-21    0.573176       1.2271e-14     115.741        2.44929e-15    25.2656        
5.04           2.25032e-16    0.133212       2.53866e-21    0.529229       1.23444e-14    116.499        2.44929e-15    25.228         
5.07           2.25032e-16    0.148621       2.5054e-21     0.481719       1.24179e-14    117.255        2.44929e-15    25.1857        
5.1            2.25032e-16    0.162573       2.47567e-21    0.431033       1.24914e-14    118.011        2.44929e-15    25.1392        
5.13           2.25032e-16    0.174975       2.44954e-21    0.377552       1.25649e-14    118.764        2.44929e-15    25.0889        
5.16           2.25032e-16    0.185747       2.42708e-21    0.321655       1.26384e-14    119.516        2.44929e-15    25.0353        
5.19           2.25033e-16    0.194821       2.40832e-21    0.263711       1.27118e-14    120.267        2.44929e-15    24.9788        
5.22           2.25033e-16    0.20214        2.3933e-21     0.204087       1.27853e-14    121.016        2.44929e-15    24.92          
5.25           2.25033e-16    0.207656       2.38204e-21    0.143144       1.28588e-14    121.763        2.44929e-15    24.8594        
5.28           2.25033e-16    0.211333       2.37457e-21    0.0812373      1.29323e-14    122.508        2.44929e-15    24.7975        
5.31           2.25033e-16    0.213145       2.37089e-21    0.0187225      1.30057e-14    123.251        2.44929e-15    24.7349        
5.34           2.25033e-16    0.21308        2.37e-21       -0.0440392     1.30792e-14    123.993        2.44929e-15    24.6721        
5.37           2.25033e-16    0.211132       2.36606e-21    -0.106483      1.31527e-14    124.732        2.44929e-15    24.6098        
5.4            2.25033e-16    0.207321       2.35837e-21    -0.167865      1.32262e-14    125.47         2.44929e-15    24.5484        
5.43           2.25033e-16    0.201684       2.34704e-21    -0.227455      1.32997e-14    126.206        2.44929e-15    24.4884        
5.46           2.25033e-16    0.194283       2.33223e-21    -0.284556      1.33731e-14    126.94         2.44929e-15    24.4305        
5.49           2.25033e-16    0.185199       2.31419e-21    -0.338524      1.34466e-14    127.672        2.44929e-15    24.375         
5.52           2.25033e-16    0.174532       2.29317e-21    -0.388771      1.35201e-14    128.403        2.44929e-15    24.3226        
5.55           2.25033e-16    0.162399       2.26949e-21    -0.434781      1.35936e-14    129.132        2.44929e-15    24.2736        
5.58           2.25033e-16    0.148932       2.24349e-21    -0.476115      1.36671e-14    129.86         2.44929e-15    24.2284        
5.61           2.25034e-16    0.134274       2.21552e-21    -0.512413      1.37405e-14    130.586        2.44929e-15    24.1874        
5.64           2.25034e-16    0.118579       2.18596e-21    -0.543398      1.3814e-14     131.311        2.44929e-15    24.151         
5.67           2.25034e-16    0.10201        2.15517e-21    -0.568871      1.38875e-14    132.036        2.44929e-15    24.1193        
5.7            2.25034e-16    0.0847331      2.12353e-21    -0.588713      1.3961e-14     132.759        2.44929e-15    24.0926        
5.73           2.25034e-16    0.0669175      2.09138e-21    -0.602877      1.40345e-14    133.481        2.44929e-15    24.0712        
5.76           2.25034e-16    0.0487336      2.05908e-21    -0.61138       1.41079e-14    134.203        2.44929e-15    24.0551        
5.79           2.25034e-16    0.0303507      2.02692e-21    -0.614302      1.41814e-14    134.925        2.44929e-15    24.0443        
5.82           2.25034e-16    0.011935       1.99521e-21    -0.611772      1.42549e-14    135.646        2.44929e-15    24.039         
5.85           2.25034e-16    0.0058173      1.96417e-21    0.606599       1.43284e-14    136.367        2.44929e-15    24.0379        
5.88           2.25034e-16    0.0238983      1.93399e-21    0.593799       1.44018e-14    137.088        2.44929e-15    24.0326        
5.91           2.25034e-16    0.0415463      1.90499e-21    0.576157       1.44753e-14    137.809        2.44929e-15    24.0221        
5.94           2.25034e-16    0.0586187      1.87735e-21    0.553943       1.45488e-14    138.53         2.44929e-15    24.0065        
5.97           2.25034e-16    0.0749812      1.85124e-21    0.527447       1.46223e-14    139.25         2.44929e-15    23.986         
6              2.25034e-16    0.0905084      1.8268e-21     0.496972       1.46958e-14    139.969        2.44929e-15    23.9609        
6.03           2.25034e-16    0.105084       1.80416e-21    0.462834       1.47692e-14    140.688        2.44929e-15    23.9314        
6.06           2.25034e-16    0.118601       1.78341e-21    0.425354       1.48427e-14    141.405        2.44929e-15    23.8978        
6.09           2.25035e-16    0.130963       1.76465e-21    0.384857       1.49162e-14    142.122        2.44929e-15    23.8604        
6.12           2.25035e-16    0.142083       1.74794e-21    0.341673       1.49897e-14    142.837        2.44929e-15    23.8197        
6.15           2.25035e-16    0.151882       1.73336e-21    0.296129       1.50632e-14    143.551        2.44929e-15    23.7759        
6.18           2.25035e-16    0.160295       1.72093e-21    0.248555       1.51366e-14    144.264        2.44929e-15    23.7295        
6.21           2.25035e-16    0.167262       1.71071e-21    0.199279       1.52101e-14    144.976        2.44929e-15    23.681         
6.24           2.25035e-16    0.172736       1.70273e-21    0.148625       1.52836e-14    145.686        2.44929e-15    23.6306        
6.27           2.25035e-16    0.17668        1.697e-21      0.0969207      1.53571e-14    146.394        2.44929e-15    23.579         
6.3            2.25035e-16    0.179065       1.69355e-21    0.0444885      1.54305e-14    147.101        2.44929e-15    23.5265        
6.33           2.25035e-16    0.179872       1.69238e-21    -0.0083477     1.5504e-14     147.806        2.44929e-15    23.4736        
6.36           2.25035e-16    0.179092       1.69125e-21    -0.0612194     1.55775e-14    148.51         2.44929e-15    23.4208        
6.39           2.25035e-16    0.17673        1.68784e-21    -0.113565      1.5651e-14     149.212        2.44929e-15    23.3685        
6.42           2.25035e-16    0.172808       1.6822e-21     -0.164782      1.57245e-14    149.912        2.44929e-15    23.3172        
6.45           2.25035e-16    0.167365       1.67439e-21    -0.21429       1.57979e-14    150.611        2.44929e-15    23.2674        
6.48           2.25035e-16    0.160458       1.66453e-21    -0.261537      1.58714e-14    151.309        2.44929e-15    23.2195        
6.51           2.25035e-16    0.15216        1.65277e-21    -0.306011      1.59449e-14    152.005        2.44929e-15    23.1739        
6.54           2.25035e-16    0.14256        1.63925e-21    -0.347251      1.60184e-14    152.7          2.44929e-15    23.1309        
6.57           2.25035e-16    0.131758       1.62418e-21    -0.384847      1.60919e-14    153.393        2.44929e-15    23.0911        
6.6            2.25035e-16    0.119867       1.60774e-21    -0.418452      1.61653e-14    154.086        2.44929e-15    23.0546        
6.63           2.25035e-16    0.107011       1.59015e-21    -0.447781      1.62388e-14    154.777        2.44929e-15    23.0218        
6.66           2.25035e-16    0.0933188      1.57163e-21    -0.47261       1.63123e-14    155.467        2.44929e-15    22.993         
6.69           2.25036e-16    0.0789283      1.5524e-21     -0.49278       1.63858e-14    156.157        2.44929e-15    22.9683        
6.72           2.25036e-16    0.0639802      1.53266e-21    -0.508191      1.64593e-14    156.846        2.44929e-15    22.948         
6.75           2.25036e-16    0.0486176      1.51264e-21    -0.518802      1.65327e-14    157.534        2.44929e-15    22.9322        
6.78           2.25036e-16    0.0329848      1.49254e-21    -0.524624      1.66062e-14    158.222        2.44929e-15    22.921         
6.81           2.25036e-16    0.0172247      1.47254e-21    -0.525716      1.66797e-14    158.91         2.44929e-15    22.9144        
6.84           2.25036e-16    0.00147844     1.45283e-21    -0.522181      1.67532e-14    159.597        2.44929e-15    22.9124        
6.87           2.25036e-16    0.00668063     1.4335e-21     0.517763       1.68266e-14    160.284        2.44929e-15    22.9119        
6.9            2.25036e-16    0.0221204      1.41468e-21    0.50749        1.69001e-14    160.972        2.44929e-15    22.9069        
6.93           2.25036e-16    0.0372094      1.39653e-21    0.493009       1.69736e-14    161.659        2.44929e-15    22.8975        
6.96           2.25036e-16    0.0518235      1.37917e-21    0.474533       1.70471e-14    162.346        2.44929e-15    22.8836        
6.99           2.25036e-16    0.0658452      1.36272e-21    0.452294       1.71206e-14    163.032        2.44929e-15    22.8656        
7.02           2.25036e-16    0.079164       1.34728e-21    0.426541       1.7194e-14     163.718        2.44929e-15    22.8436        
7.05           2.25036e-16    0.0916771      1.33294e-21    0.397539       1.72675e-14    164.403        2.44929e-15    22.8178        
7.08           2.25036e-16    0.10329        1.31976e-21    0.365557       1.7341e-14     165.087        2.44929e-15    22.7886        
7.11           2.25036e-16    0.113915       1.30782e-21    0.330878       1.74145e-14    165.77         2.44929e-15    22.7561        
7.14           2.25036e-16    0.123476       1.29717e-21    0.293787       1.7488e-14     166.453        2.44929e-15    22.7206        
7.17           2.25036e-16    0.131902       1.28786e-21    0.254572       1.75614e-14    167.134        2.44929e-15    22.6826        
7.2            2.25036e-16    0.139132       1.27993e-21    0.213526       1.76349e-14    167.814        2.44929e-15    22.6423        
7.23           2.25036e-16    0.145115       1.2734e-21     0.170942       1.77084e-14    168.493        2.44929e-15    22.6002        
7.26           2.25036e-16    0.149808       1.2683e-21     0.127115       1.77819e-14    169.17         2.44929e-15    22.5565        
7.29           2.25036e-16    0.153175       1.26466e-21    0.0823409      1.78554e-14    169.847        2.44929e-15    22.5118        
7.32           2.25036e-16    0.155192       1.26248e-21    0.0369142      1.79288e-14    170.522        2.44929e-15    22.4663        
7.35           2.25036e-16    0.155842       1.26178e-21    -0.00886856    1.80023e-14    171.195        2.44929e-15    22.4204        
7.38           2.25036e-16    0.155118       1.261e-21      -0.0546729     1.80758e-14    171.867        2.44929e-15    22.3747        
7.41           2.25036e-16    0.153022       1.25874e-21    -0.100019      1.81493e-14    172.538        2.44929e-15    22.3294        
7.44           2.25037e-16    0.149575       1.25504e-21    -0.144403      1.82227e-14    173.207        2.44929e-15    22.285         
7.47           2.25037e-16    0.14481        1.24994e-21    -0.187334      1.82962e-14    173.876        2.44929e-15    22.2419        
7.5            2.25037e-16    0.138775       1.24351e-21    -0.228346      1.83697e-14    174.542        2.44929e-15    22.2004        
7.53           2.25037e-16    0.131533       1.23583e-21    -0.267007      1.84432e-14    175.208        2.44929e-15    22.161         
7.56           2.25037e-16    0.123157       1.22702e-21    -0.302919      1.85167e-14    175.872        2.44929e-15    22.1239        
7.59           2.25037e-16    0.113734       1.21717e-21    -0.335732      1.85901e-14    176.536        2.44929e-15    22.0895        
7.62           2.25037e-16    0.10336        1.20642e-21    -0.365141      1.86636e-14    177.198        2.44929e-15    22.058         
7.65           2.25037e-16    0.0921398      1.19489e-21    -0.390891      1.87371e-14    177.86         2.44929e-15    22.0298        
7.68           2.25037e-16    0.0801854      1.18274e-21    -0.412781      1.88106e-14    178.52         2.44929e-15    22.005         
7.71           2.25037e-16    0.0676141      1.17008e-21    -0.430659      1.88841e-14    179.18         2.44929e-15    21.9839        
7.74           2.25037e-16    0.0545475      1.15708e-21    -0.444425      1.89575e-14    179.84         2.44929e-15    21.9665        
7.77           2.25037e-16    0.0411095      1.14385e-21    -0.454026      1.9031e-14     180.498        2.44929e-15    21.9531        
7.8            2.25037e-16    0.0274252      1.13053e-21    -0.459455      1.91045e-14    181.157        2.44929e-15    21.9437        
7.83           2.25037e-16    0.0136195      1.11726e-21    -0.460748      1.9178e-14     181.815        2.44929e-15    21.9383        
7.86           2.25037e-16    -0.000184175   1.10414e-21    0.459346       1.92514e-14    182.473        2.44929e-15    21.937         
7.89           2.25037e-16    0.0135383      1.09125e-21    0.452689       1.93249e-14    183.131        2.44929e-15    21.9344        
7.92           2.25037e-16    0.0270224      1.07873e-21    0.442199       1.93984e-14    183.789        2.44929e-15    21.9277        
7.95           2.25037e-16    0.0401548      1.06668e-21    0.42804        1.94719e-14    184.447        2.44929e-15    21.9172        
7.98           2.25037e-16    0.0528271      1.05517e-21    0.410396       1.95454e-14    185.104        2.44929e-15    21.9029        
8.01           2.25037e-16    0.0649368      1.0443e-21     0.389473       1.96188e-14    185.761        2.44929e-15    21.885         
8.04           2.25037e-16    0.0763876      1.03412e-21    0.365489       1.96923e-14    186.418        2.44929e-15    21.8636        
8.07           2.25037e-16    0.0870902      1.0247e-21     0.338679       1.97658e-14    187.073        2.44929e-15    21.839         
8.1            2.25037e-16    0.0969621      1.01608e-21    0.309285       1.98393e-14    187.728        2.44929e-15    21.8114        
8.13           2.25037e-16    0.105928       1.00832e-21    0.277559       1.99128e-14    188.382        2.44929e-15    21.7811        
8.16           2.25037e-16    0.113921       1.00146e-21    0.243757       1.99862e-14    189.035        2.44929e-15    21.7483        
8.19           2.25037e-16    0.120882       9.95514e-22    0.208143       2.00597e-14    189.688        2.44929e-15    21.7134        
8.22           2.25037e-16    0.126758       9.90527e-22    0.170981       2.01332e-14    190.339        2.44929e-15    21.6766        
8.25           2.25037e-16    0.131505       9.86517e-22    0.132542       2.02067e-14    190.988        2.44929e-15    21.6384        
8.28           2.25037e-16    0.135089       9.83501e-22    0.0930938      2.02802e-14    191.637        2.44929e-15    21.599         
8.31           2.25037e-16    0.137481       9.81493e-22    0.0529103      2.03536e-14    192.285        2.44929e-15    21.5587        
8.34           2.25038e-16    0.138663       9.80503e-22    0.0122642      2.04271e-14    192.931        2.44929e-15    21.518         
8.37           2.25038e-16    0.138622       9.80263e-22    -0.0285663     2.05006e-14    193.576        2.44929e-15    21.4772        
8.4            2.25038e-16    0.137358       9.79205e-22    -0.0692168     2.05741e-14    194.22         2.44929e-15    21.4366        
8.43           2.25038e-16    0.134879       9.77134e-22    -0.109246      2.06475e-14    194.863        2.44929e-15    21.3966        
8.46           2.25038e-16    0.131209       9.74075e-22    -0.148221      2.0721e-14     195.504        2.44929e-15    21.3576        
8.49           2.25038e-16    0.126384       9.70066e-22    -0.185721      2.07945e-14    196.145        2.44929e-15    21.3199        
8.52           2.25038e-16    0.120452       9.6516e-22     -0.221354      2.0868e-14     196.784        2.44929e-15    21.2839        
8.55           2.25038e-16    0.113472       9.59418e-22    -0.254751      2.09415e-14    197.422        2.44929e-15    21.2498        
8.58           2.25038e-16    0.105515       9.52913e-22    -0.285581      2.10149e-14    198.059        2.44929e-15    21.2179        
8.61           2.25038e-16    0.0966609      9.45726e-22    -0.313551      2.10884e-14    198.696        2.44929e-15    21.1886        
8.64           2.25038e-16    0.0869986      9.37944e-22    -0.338408      2.11619e-14    199.331        2.44929e-15    21.162         
8.67           2.25038e-16    0.0766235      9.29658e-22    -0.359944      2.12354e-14    199.966        2.44929e-15    21.1384        
8.7            2.25038e-16    0.0656368      9.20963e-22    -0.377991      2.13089e-14    200.599        2.44929e-15    21.118         
8.73           2.25038e-16    0.0541445      9.11954e-22    -0.392431      2.13823e-14    201.233        2.44929e-15    21.1009        
8.76           2.25038e-16    0.0422558      9.02726e-22    -0.403183      2.14558e-14    201.866        2.44929e-15    21.0873        
8.79           2.25038e-16    0.0300818      8.93373e-22    -0.41021       2.15293e-14    202.498        2.44929e-15    21.0773        
8.82           2.25038e-16    0.0177342      8.83986e-22    -0.413515      2.16028e-14    203.13         2.44929e-15    21.0709        
8.85           2.25038e-16    0.00532443     8.7465e-22     -0.413133      2.16762e-14    203.763        2.44929e-15    21.0681        
8.88           2.25038e-16    0.00119311     8.65439e-22    0.411034       2.17497e-14    204.395        2.44929e-15    21.0681        
8.91           2.25038e-16    0.0134734      8.56395e-22    0.405181       2.18232e-14    205.027        2.44929e-15    21.0654        
8.94           2.25038e-16    0.0255433      8.47597e-22    0.395879       2.18967e-14    205.659        2.44929e-15    21.059         
8.97           2.25038e-16    0.0373008      8.39115e-22    0.383265       2.19702e-14    206.29         2.44929e-15    21.0492        
9              2.25038e-16    0.0486479      8.3101e-22     0.367498       2.20436e-14    206.922        2.44929e-15    21.036         
9.03           2.25038e-16    0.0594918      8.23338e-22    0.348758       2.21171e-14    207.553        2.44929e-15    21.0195        
9.06           2.25038e-16    0.0697453      8.1615e-22     0.327236       2.21906e-14    208.183        2.44929e-15    21             
9.09           2.25038e-16    0.0793269      8.09489e-22    0.30314        2.22641e-14    208.813        2.44929e-15    20.9776        
9.12           2.25038e-16    0.0881615      8.03397e-22    0.276687       2.23376e-14    209.442        2.44929e-15    20.9525        
9.15           2.25038e-16    0.0961808      7.97908e-22    0.248104       2.2411e-14     210.07         2.44929e-15    20.9249        
9.18           2.25038e-16    0.103323       7.93051e-22    0.217624       2.24845e-14    210.698        2.44929e-15    20.8952        
9.21           2.25038e-16    0.109534       7.88852e-22    0.185486       2.2558e-14     211.324        2.44929e-15    20.8636        
9.24           2.25038e-16    0.114766       7.85333e-22    0.151933       2.26315e-14    211.95         2.44929e-15    20.8303        
9.27           2.25038e-16    0.118979       7.8251e-22     0.117214       2.2705e-14     212.574        2.44929e-15    20.7956        
9.3            2.25038e-16    0.122141       7.80399e-22    0.0815785      2.27784e-14    213.198        2.44929e-15    20.76          
9.33           2.25038e-16    0.124226       7.7901e-22     0.0452779      2.28519e-14    213.82         2.44929e-15    20.7236        
9.36           2.25038e-16    0.125218       7.78351e-22    0.00856629     2.29254e-14    214.442        2.44929e-15    20.6868        
9.39           2.25038e-16    0.125106       7.78162e-22    -0.0282969     2.29989e-14    215.062        2.44929e-15    20.65          
9.42           2.25038e-16    0.12389        7.77354e-22    -0.0649757     2.30723e-14    215.681        2.44929e-15    20.6134        
9.45           2.25038e-16    0.121578       7.7582e-22     -0.101079      2.31458e-14    216.299        2.44929e-15    20.5773        
9.48           2.25039e-16    0.118192       7.73579e-22    -0.136221      2.32193e-14    216.916        2.44929e-15    20.5422        
9.51           2.25039e-16    0.113763       7.70657e-22    -0.170032      2.32928e-14    217.532        2.44929e-15    20.5083        
9.54           2.25039e-16    0.108337       7.67091e-22    -0.202162      2.33663e-14    218.147        2.44929e-15    20.4758        
9.57           2.25039e-16    0.101966       7.62925e-22    -0.232283      2.34397e-14    218.761        2.44929e-15    20.4452        
9.6            2.25039e-16    0.0947141      7.5821e-22     -0.2601        2.35132e-14    219.374        2.44929e-15    20.4166        
9.63           2.25039e-16    0.0866526      7.53002e-22    -0.285349      2.35867e-14    219.986        2.44929e-15    20.3903        
9.66           2.25039e-16    0.0778612      7.47363e-22    -0.307802      2.36602e-14    220.597        2.44929e-15    20.3665        
9.69           2.25039e-16    0.0684256      7.41357e-22    -0.327269      2.37337e-14    221.208        2.44929e-15    20.3454        
9.72           2.25039e-16    0.0584371      7.35051e-22    -0.343597      2.38071e-14    221.818        2.44929e-15    20.3272        
9.75           2.25039e-16    0.0479911      7.28513e-22    -0.356673      2.38806e-14    222.428        2.44929e-15    20.312         
9.78           2.25039e-16    0.037186       7.21811e-22    -0.36642       2.39541e-14    223.037        2.44929e-15    20.3           
9.81           2.25039e-16    0.0261221      7.15013e-22    -0.372798      2.40276e-14    223.646        2.44929e-15    20.2913        
9.84           2.25039e-16    0.0149006      7.08183e-22    -0.375803      2.4101e-14     224.255        2.44929e-15    20.2858        
9.87           2.25039e-16    0.00362259     7.01384e-22    -0.375461      2.41745e-14    224.863        2.44929e-15    20.2836        
9.9            2.25039e-16    0.0073653      6.94665e-22    0.372719       2.4248e-14     225.472        2.44929e-15    20.2825        
9.93           2.25039e-16    0.0184861      6.88089e-22    0.365935       2.43215e-14    226.08         2.44929e-15    20.2782        
9.96           2.25039e-16    0.029372       6.81712e-22    0.356047       2.4395e-14     226.689        2.44929e-15    20.2706        
9.99           2.25039e-16    0.0399312      6.75583e-22    0.343185       2.44684e-14    227.297        2.44929e-15    20.2599        
10.02          2.25039e-16    0.050076       6.69747e-22    0.327498       2.45419e-14    227.904        2.44929e-15    20.2461        
10.05          2.25039e-16    0.0597232      6.64244e-22    0.309152       2.46154e-14    228.512        2.44929e-15    20.2295        
10.08          2.25039e-16    0.0687948      6.59111e-22    0.288329       2.46889e-14    229.118        2.44929e-15    20.2101        
10.11          2.25039e-16    0.0772185      6.54381e-22    0.265221       2.47624e-14    229.724        2.44929e-15    20.1882        
10.14          2.25039e-16    0.0849276      6.50083e-22    0.24003        2.48358e-14    230.33         2.44929e-15    20.1639        
10.17          2.25039e-16    0.0918618      6.4624e-22     0.212968       2.49093e-14    230.934        2.44929e-15    20.1376        
10.2           2.25039e-16    0.0979671      6.42877e-22    0.184253       2.49828e-14    231.538        2.44929e-15    20.1093        
10.23          2.25039e-16    0.103196       6.4001e-22     0.154108       2.50563e-14    232.141        2.44929e-15    20.0794        
10.26          2.25039e-16    0.107508       6.37656e-22    0.122763       2.51298e-14    232.743        2.44929e-15    20.0482        
10.29          2.25039e-16    0.11087        6.35827e-22    0.0904489      2.52032e-14    233.344        2.44929e-15    20.0159        
10.32          2.25039e-16    0.113254       6.34534e-22    0.0574005      2.52767e-14    233.945        2.44929e-15    19.9828        
10.35          2.25039e-16    0.114642       6.33782e-22    0.0238548      2.53502e-14    234.544        2.44929e-15    19.9491        
10.38          2.25039e-16    0.11502        6.33577e-22    -0.00994966    2.54237e-14    235.142        2.44929e-15    19.9153        
10.41          2.25039e-16    0.114383       6.33233e-22    -0.0437459     2.54971e-14    235.739        2.44929e-15    19.8816        
10.44          2.25039e-16    0.112735       6.32342e-22    -0.0771896     2.55706e-14    236.335        2.44929e-15    19.8482        
10.47          2.25039e-16    0.11009        6.30915e-22    -0.109928      2.56441e-14    236.93         2.44929e-15    19.8155        
10.5           2.25039e-16    0.106472       6.28968e-22    -0.141619      2.57176e-14    237.524        2.44929e-15    19.7838        
10.53          2.25039e-16    0.101917       6.26524e-22    -0.171935      2.57911e-14    238.118        2.44929e-15    19.7533        
10.56          2.25039e-16    0.0964688      6.23614e-22    -0.200567      2.58645e-14    238.71         2.44929e-15    19.7244        
10.59          2.25039e-16    0.0901805      6.20271e-22    -0.227231      2.5938e-14     239.301        2.44929e-15    19.6972        
10.62          2.25039e-16    0.0831139      6.16535e-22    -0.251672      2.60115e-14    239.892        2.44929e-15    19.6721        
10.65          2.25039e-16    0.0753382      6.1245e-22     -0.273662      2.6085e-14     240.482        2.44929e-15    19.6491        
10.68          2.25039e-16    0.0669288      6.08062e-22    -0.293008      2.61585e-14    241.071        2.44929e-15    19.6286        
10.71          2.25039e-16    0.0579667      6.0342e-22     -0.30955       2.62319e-14    241.66         2.44929e-15    19.6106        
10.74          2.25039e-16    0.0485375      5.98574e-22    -0.323163      2.63054e-14    242.248        2.44929e-15    19.5954        
10.77          2.25039e-16    0.0387299      5.93574e-22    -0.333754      2.63789e-14    242.836        2.44929e-15    19.583         
10.8           2.25039e-16    0.0286353      5.88472e-22    -0.341266      2.64524e-14    243.423        2.44929e-15    19.5736        
10.83          2.25039e-16    0.0183463      5.83316e-22    -0.345674      2.65258e-14    244.01         2.44929e-15    19.5672        
10.86          2.25039e-16    0.00795615     5.78156e-22    -0.346982      2.65993e-14    244.597        2.44929e-15    19.5638        
10.89          2.25039e-16    -0.00244249    5.73037e-22    0.346148       2.66728e-14    245.184        2.44929e-15    19.5635        
10.92          2.25039e-16    0.00791508     5.67983e-22    0.342795       2.67463e-14    245.771        2.44929e-15    19.5622        
10.95          2.25039e-16    0.0181423      5.63037e-22    0.336481       2.68198e-14    246.358        2.44929e-15    19.5579        
10.98          2.25039e-16    0.0281511      5.58238e-22    0.327302       2.68932e-14    246.945        2.44929e-15    19.5506        
11.01          2.2504e-16     0.0378569      5.53623e-22    0.315376       2.69667e-14    247.531        2.44929e-15    19.5404        
11.04          2.2504e-16     0.0471784      5.49228e-22    0.300837       2.70402e-14    248.117        2.44929e-15    19.5274        
11.07          2.2504e-16     0.0560388      5.45083e-22    0.283837       2.71137e-14    248.703        2.44929e-15    19.5118        
11.1           2.2504e-16     0.0643659      5.41215e-22    0.264541       2.71872e-14    249.288        2.44929e-15    19.4936        
11.13          2.2504e-16     0.0720924      5.37652e-22    0.243126       2.72606e-14    249.873        2.44929e-15    19.4731        
11.16          2.2504e-16     0.0791568      5.34415e-22    0.219779       2.73341e-14    250.456        2.44929e-15    19.4505        
11.19          2.2504e-16     0.085503       5.31524e-22    0.194697       2.74076e-14    251.04         2.44929e-15    19.426         
11.22          2.2504e-16     0.0910809      5.28996e-22    0.168082       2.74811e-14    251.622        2.44929e-15    19.3997        
11.25          2.2504e-16     0.0958467      5.26846e-22    0.140143       2.75546e-14    252.204        2.44929e-15    19.3719        
11.28          2.2504e-16     0.0997627      5.25086e-22    0.111094       2.7628e-14     252.785        2.44929e-15    19.3429        
11.31          2.2504e-16     0.102798       5.23726e-22    0.0811529      2.77015e-14    253.365        2.44929e-15    19.313         
11.34          2.2504e-16     0.104928       5.22774e-22    0.0505397      2.7775e-14     253.944        2.44929e-15    19.2823        
11.37          2.2504e-16     0.106134       5.22236e-22    0.0194776      2.78485e-14    254.522        2.44929e-15    19.2511        
11.4           2.2504e-16     0.106406       5.22102e-22    -0.0118086     2.79219e-14    255.099        2.44929e-15    19.2198        
11.43          2.2504e-16     0.105738       5.21805e-22    -0.0430643     2.79954e-14    255.676        2.44929e-15    19.1886        
11.46          2.2504e-16     0.104136       5.21091e-22    -0.0739713     2.80689e-14    256.251        2.44929e-15    19.1578        
11.49          2.2504e-16     0.101613       5.19969e-22    -0.104208      2.81424e-14    256.825        2.44929e-15    19.1276        
11.52          2.2504e-16     0.0981916      5.18451e-22    -0.133461      2.82159e-14    257.399        2.44929e-15    19.0984        
11.55          2.2504e-16     0.0939049      5.16556e-22    -0.161432      2.82893e-14    257.972        2.44929e-15    19.0703        
11.58          2.2504e-16     0.0887941      5.14304e-22    -0.18784       2.83628e-14    258.543        2.44929e-15    19.0437        
11.61          2.2504e-16     0.0829087      5.11724e-22    -0.212424      2.84363e-14    259.114        2.44929e-15    19.0187        
11.64          2.2504e-16     0.0763059      5.08844e-22    -0.234949      2.85098e-14    259.685        2.44929e-15    18.9955        
11.67          2.2504e-16     0.0690496      5.05697e-22    -0.255208      2.85833e-14    260.254        2.44929e-15    18.9745        
11.7           2.2504e-16     0.0612097      5.02319e-22    -0.273022      2.86567e-14    260.823        2.44929e-15    18.9557        
11.73          2.2504e-16     0.0528609      4.98746e-22    -0.288242      2.87302e-14    261.392        2.44929e-15    18.9393        
11.76          2.2504e-16     0.0440824      4.95016e-22    -0.300752      2.88037e-14    261.96         2.44929e-15    18.9255        
11.79          2.2504e-16     0.0349564      4.91168e-22    -0.310466      2.88772e-14    262.528        2.44929e-15    18.9143        
11.82          2.2504e-16     0.0255674      4.8724e-22     -0.317328      2.89507e-14    263.095        2.44929e-15    18.9058        
11.85          2.2504e-16     0.0160013      4.83271e-22    -0.321312      2.90241e-14    263.662        2.44929e-15    18.9002        
11.88          2.2504e-16     0.00634452     4.79296e-22    -0.32242       2.90976e-14    264.229        2.44929e-15    18.8974        
11.91          2.2504e-16     0.00312032     4.7535e-22     0.321279       2.91711e-14    264.796        2.44929e-15    18.8968        
11.94          2.2504e-16     0.01272        4.71464e-22    0.316793       2.92446e-14    265.363        2.44929e-15    18.894         
11.97          2.2504e-16     0.0221576      4.67674e-22    0.309583       2.9318e-14     265.93         2.44929e-15    18.8884        
12             2.2504e-16     0.0313525      4.64011e-22    0.299747       2.93915e-14    266.496        2.44929e-15    18.88          
12.03          2.2504e-16     0.0402268      4.60503e-22    0.2874         2.9465e-14     267.063        2.44929e-15    18.869         
12.06          2.2504e-16     0.0487067      4.57177e-22    0.272672       2.95385e-14    267.628        2.44929e-15    18.8555        
12.09          2.2504e-16     0.056722       4.54054e-22    0.255711       2.9612e-14     268.194        2.44929e-15    18.8396        
12.12          2.2504e-16     0.0642074      4.51158e-22    0.236676       2.96854e-14    268.759        2.44929e-15    18.8214        
12.15          2.2504e-16     0.0711023      4.48507e-22    0.215736       2.97589e-14    269.323        2.44929e-15    18.8012        
12.18          2.2504e-16     0.0773514      4.46117e-22    0.19307        2.98324e-14    269.887        2.44929e-15    18.779         
12.21          2.2504e-16     0.0829047      4.44005e-22    0.168866       2.99059e-14    270.45         2.44929e-15    18.7551        
12.24          2.2504e-16     0.0877179      4.42182e-22    0.143318       2.99794e-14    271.013        2.44929e-15    18.7298        
12.27          2.2504e-16     0.0917528      4.4066e-22     0.116624       3.00528e-14    271.574        2.44929e-15    18.7032        
12.3           2.2504e-16     0.0949771      4.39448e-22    0.0889898      3.01263e-14    272.135        2.44929e-15    18.6755        
12.33          2.2504e-16     0.0973645      4.38553e-22    0.0606216      3.01998e-14    272.695        2.44929e-15    18.6471        
12.36          2.2504e-16     0.0988951      4.3798e-22     0.0317299      3.02733e-14    273.254        2.44929e-15    18.6181        
12.39          2.2504e-16     0.0995555      4.37733e-22    0.00252719     3.03467e-14    273.813        2.44929e-15    18.5888        
12.42          2.2504e-16     0.0993383      4.37633e-22    -0.026767      3.04202e-14    274.37         2.44929e-15    18.5596        
12.45          2.2504e-16     0.0982434      4.37224e-22    -0.0558782     3.04937e-14    274.926        2.44929e-15    18.5305        
12.48          2.2504e-16     0.0962794      4.36491e-22    -0.0845059     3.05672e-14    275.482        2.44929e-15    18.502         
12.51          2.2504e-16     0.0934637      4.35442e-22    -0.112356      3.06407e-14    276.037        2.44929e-15    18.4742        
12.54          2.2504e-16     0.0898224      4.34089e-22    -0.139144      3.07141e-14    276.591        2.44929e-15    18.4474        
12.57          2.2504e-16     0.0853903      4.32448e-22    -0.1646        3.07876e-14    277.144        2.44929e-15    18.4218        
12.6           2.2504e-16     0.0802098      4.30538e-22    -0.188473      3.08611e-14    277.696        2.44929e-15    18.3977        
12.63          2.2504e-16     0.0743307      4.2838e-22     -0.210532      3.09346e-14    278.248        2.44929e-15    18.3752        
12.66          2.2504e-16     0.0678097      4.25999e-22    -0.23057       3.10081e-14    278.799        2.44929e-15    18.3546        
12.69          2.2504e-16     0.0607092      4.23421e-22    -0.248406      3.10815e-14    279.35         2.44929e-15    18.336         
12.72          2.2504e-16     0.0530968      4.20674e-22    -0.263886      3.1155e-14     279.9          2.44929e-15    18.3196        
12.75          2.2504e-16     0.0450446      4.17788e-22    -0.276885      3.12285e-14    280.449        2.44929e-15    18.3056        
12.78          2.2504e-16     0.036628       4.14792e-22    -0.287306      3.1302e-14     280.998        2.44929e-15    18.294         
12.81          2.2504e-16     0.0279252      4.11717e-22    -0.295081      3.13755e-14    281.547        2.44929e-15    18.2849        
12.84          2.2504e-16     0.0190158      4.08592e-22    -0.30017       3.14489e-14    282.095        2.44929e-15    18.2784        
12.87          2.2504e-16     0.00998086     4.05448e-22    -0.302558      3.15224e-14    282.643        2.44929e-15    18.2746        
12.9           2.2504e-16     0.000901185    4.02312e-22    -0.302258      3.15959e-14    283.192        2.44929e-15    18.2734        
12.93          2.2504e-16     0.00391804     3.99207e-22    0.30082        3.16694e-14    283.74         2.44929e-15    18.2732        
12.96          2.2504e-16     0.012905       3.96151e-22    0.296484       3.17428e-14    284.288        2.44929e-15    18.2702        
12.99          2.2504e-16     0.0217362      3.9317e-22     0.289595       3.18163e-14    284.836        2.44929e-15    18.2647        
13.02          2.2504e-16     0.0303359      3.9029e-22     0.280243       3.18898e-14    285.384        2.44929e-15    18.2566        
13.05          2.2504e-16     0.0386312      3.87532e-22    0.268535       3.19633e-14    285.932        2.44929e-15    18.2461        
13.08          2.2504e-16     0.0465527      3.84916e-22    0.254593       3.20368e-14    286.479        2.44929e-15    18.2331        
13.11          2.2504e-16     0.0540346      3.82462e-22    0.238554       3.21102e-14    287.026        2.44929e-15    18.2179        
13.14          2.25041e-16    0.0610155      3.80186e-22    0.220568       3.21837e-14    287.572        2.44929e-15    18.2007        
13.17          2.25041e-16    0.0674386      3.78104e-22    0.200793       3.22572e-14    288.118        2.44929e-15    18.1814        
13.2           2.25041e-16    0.0732518      3.7623e-22     0.179399       3.23307e-14    288.663        2.44929e-15    18.1604        
13.23          2.25041e-16    0.0784084      3.74576e-22    0.156562       3.24042e-14    289.208        2.44929e-15    18.1378        
13.26          2.25041e-16    0.0828669      3.73152e-22    0.132467       3.24776e-14    289.752        2.44929e-15    18.1139        
13.29          2.25041e-16    0.0865915      3.71966e-22    0.107301       3.25511e-14    290.295        2.44929e-15    18.0887        
13.32          2.25041e-16    0.0895518      3.71026e-22    0.0812591      3.26246e-14    290.837        2.44929e-15    18.0627        
13.35          2.25041e-16    0.0917236      3.70339e-22    0.0545379      3.26981e-14    291.379        2.44929e-15    18.0359        
13.38          2.25041e-16    0.0930886      3.69907e-22    0.0273376      3.27715e-14    291.92         2.44929e-15    18.0086        
13.41          2.25041e-16    0.0936344      3.69735e-22    -0.000139791   3.2845e-14     292.46         2.44929e-15    17.9811        
13.44          2.25041e-16    0.0933546      3.69646e-22    -0.0276833     3.29185e-14    292.999        2.44929e-15    17.9535        
13.47          2.25041e-16    0.0922499      3.69298e-22    -0.0550309     3.2992e-14     293.537        2.44929e-15    17.9263        
13.5           2.25041e-16    0.0903289      3.68692e-22    -0.0819028     3.30655e-14    294.075        2.44929e-15    17.8995        
13.53          2.25041e-16    0.0876086      3.67836e-22    -0.108025      3.31389e-14    294.611        2.44929e-15    17.8734        
13.56          2.25041e-16    0.0841142      3.6674e-22     -0.133133      3.32124e-14    295.147        2.44929e-15    17.8483        
13.59          2.25041e-16    0.0798787      3.65415e-22    -0.156976      3.32859e-14    295.683        2.44929e-15    17.8244        
13.62          2.25041e-16    0.0749424      3.63877e-22    -0.179321      3.33594e-14    296.217        2.44929e-15    17.8018        
13.65          2.25041e-16    0.0693525      3.62142e-22    -0.199951      3.34329e-14    296.751        2.44929e-15    17.7808        
13.68          2.25041e-16    0.0631623      3.60231e-22    -0.218675      3.35063e-14    297.284        2.44929e-15    17.7616        
13.71          2.25041e-16    0.0564307      3.58164e-22    -0.235324      3.35798e-14    297.817        2.44929e-15    17.7443        
13.74          2.25041e-16    0.0492216      3.55964e-22    -0.249754      3.36533e-14    298.349        2.44929e-15    17.7291        
13.77          2.25041e-16    0.0416027      3.53653e-22    -0.261848      3.37268e-14    298.881        2.44929e-15    17.7161        
13.8           2.25041e-16    0.0336451      3.51255e-22    -0.271515      3.38003e-14    299.412        2.44929e-15    17.7054        
13.83          2.25041e-16    0.0254223      3.48794e-22    -0.27869       3.38737e-14    299.943        2.44929e-15    17.6972        
13.86          2.25041e-16    0.0170095      3.46294e-22    -0.283335      3.39472e-14    300.474        2.44929e-15    17.6913        
13.89          2.25041e-16    0.00848281     3.43778e-22    -0.285437      3.40207e-14    301.005        2.44929e-15    17.688         
13.92          2.25041e-16    -8.15848e-05   3.4127e-22     0.285429       3.40942e-14    301.535        2.44929e-15    17.6872        
13.95          2.25041e-16    0.00845788     3.38787e-22    0.282538       3.41676e-14    302.066        2.44929e-15    17.6855        
13.98          2.25041e-16    0.016886       3.36355e-22    0.277196       3.42411e-14    302.596        2.44929e-15    17.6814        
14.01          2.25041e-16    0.0251299      3.33992e-22    0.269479       3.43146e-14    303.127        2.44929e-15    17.6748        
14.04          2.25041e-16    0.0331192      3.31719e-22    0.259476       3.43881e-14    303.657        2.44929e-15    17.6658        
14.07          2.25041e-16    0.0407863      3.29552e-22    0.247295       3.44616e-14    304.187        2.44929e-15    17.6545        
14.1           2.25041e-16    0.0480673      3.27507e-22    0.233059       3.4535e-14     304.716        2.44929e-15    17.6411        
14.13          2.25041e-16    0.0549016      3.25599e-22    0.216902       3.46085e-14    305.245        2.44929e-15    17.6256        
14.16          2.25041e-16    0.0612331      3.23841e-22    0.19897        3.4682e-14     305.774        2.44929e-15    17.6082        
14.19          2.25041e-16    0.0670101      3.22246e-22    0.179419       3.47555e-14    306.302        2.44929e-15    17.589         
14.22          2.25041e-16    0.0721856      3.20824e-22    0.158413       3.4829e-14     306.83         2.44929e-15    17.5683        
14.25          2.25041e-16    0.0767178      3.19584e-22    0.136124       3.49024e-14    307.356        2.44929e-15    17.5461        
14.28          2.25041e-16    0.0805698      3.18534e-22    0.11273        3.49759e-14    307.883        2.44929e-15    17.5228        
14.31          2.25041e-16    0.0837104      3.1768e-22     0.0884122      3.50494e-14    308.408        2.44929e-15    17.4984        
14.34          2.25041e-16    0.0861137      3.17029e-22    0.0633586      3.51229e-14    308.933        2.44929e-15    17.4733        
14.37          2.25041e-16    0.0877594      3.16583e-22    0.0377588      3.51963e-14    309.457        2.44929e-15    17.4476        
14.4           2.25041e-16    0.0886332      3.16347e-22    0.0118056      3.52698e-14    309.98         2.44929e-15    17.4216        
14.43          2.25041e-16    0.0887264      3.16292e-22    -0.0143064     3.53433e-14    310.502        2.44929e-15    17.3955        
14.46          2.25041e-16    0.0880363      3.16105e-22    -0.0403531     3.54168e-14    311.024        2.44929e-15    17.3695        
14.49          2.25041e-16    0.0865675      3.15709e-22    -0.0660723     3.54903e-14    311.545        2.44929e-15    17.3439        
14.52          2.25041e-16    0.0843324      3.15107e-22    -0.0912029     3.55637e-14    312.065        2.44929e-15    17.3188        
14.55          2.25041e-16    0.0813513      3.14305e-22    -0.115491      3.56372e-14    312.584        2.44929e-15    17.2946        
14.58          2.25041e-16    0.0776519      3.13313e-22    -0.138695      3.57107e-14    313.103        2.44929e-15    17.2713        
14.61          2.25041e-16    0.073269       3.12142e-22    -0.160585      3.57842e-14    313.62         2.44929e-15    17.2493        
14.64          2.25041e-16    0.0682442      3.10805e-22    -0.180949      3.58577e-14    314.138        2.44929e-15    17.2287        
14.67          2.25041e-16    0.0626252      3.09316e-22    -0.199595      3.59311e-14    314.654        2.44929e-15    17.2097        
14.7           2.25041e-16    0.0564655      3.07691e-22    -0.216351      3.60046e-14    315.171        2.44929e-15    17.1925        
14.73          2.25041e-16    0.049823       3.05949e-22    -0.231071      3.60781e-14    315.686        2.44929e-15    17.1772        
14.76          2.25041e-16    0.0427604      3.04108e-22    -0.243629      3.61516e-14    316.201        2.44929e-15    17.1639        
14.79          2.25041e-16    0.0353434      3.02185e-22    -0.253927      3.62251e-14    316.716        2.44929e-15    17.1528        
14.82          2.25041e-16    0.0276407      3.00202e-22    -0.261889      3.62985e-14    317.231        2.44929e-15    17.1439        
14.85          2.25041e-16    0.019723       2.98177e-22    -0.267466      3.6372e-14     317.745        2.44929e-15    17.1373        
14.88          2.25041e-16    0.0116619      2.96129e-22    -0.270633      3.64455e-14    318.259        2.44929e-15    17.1331        
14.91          2.25041e-16    0.00353009     2.94077e-22    -0.271385      3.6519e-14     318.773        2.44929e-15    17.1312        
14.94          2.25041e-16    0.000816234    2.92038e-22    0.270661       3.65924e-14    319.287        2.44929e-15    17.1312        
14.97          2.25041e-16    0.00891227     2.90024e-22    0.267759       3.66659e-14    319.801        2.44929e-15    17.1294        
