-0.341003 -0.190124 -0.0982375
0.407786 -0.016473 0.00998348
-0.345202 -0.19694 0.0601874
0.399592 0.0253764 -0.0797118
-0.311684 -0.134242 0.223348
0.353881 0.150345 -0.145243
-0.250853 -0.00534234 0.322042
0.27566 0.270108 -0.175652
-0.172485 0.0196518 0.369505
0.193088 0.385785 -0.137225
-0.109248 -0.276282 0.253654
0.147042 0.455012 0.0284878
-0.118674 -0.159673 -0.352667
0.215191 0.351773 0.160098
-0.194747 0.0363738 -0.356998
0.297228 0.238857 0.174221
-0.269004 -0.0332665 -0.305236
0.370716 0.113409 0.131695
-0.323731 -0.160213 -0.182906
0.40419 0.0035352 0.0572551
-0.347787 -0.19992 -0.020371
0.40666 -0.00929091 -0.03472
-0.333252 -0.178756 0.140884
0.383645 0.0808248 -0.115316
-0.285001 -0.0693156 0.283574
0.317457 0.210825 -0.166395
-0.214952 0.0276805 0.345986
0.236084 0.324674 -0.168307
-0.133945 -0.0705258 0.378836
0.157675 0.438799 -0.0747375
-0.106031 -0.345828 -0.0908523
0.173232 0.414947 0.110033
-0.151597 -0.00974167 -0.378931
0.255138 0.296381 0.176309
-0.232624 0.0176287 -0.335031
0.335565 0.181269 0.158644
-0.298517 -0.0986497 -0.259185
0.392691 0.0505254 0.099912
-0.340127 -0.188902 -0.103919
0.407702 -0.0160443 0.013254
-0.345715 -0.197561 0.0545401
0.400345 0.0223182 -0.076728
-0.313421 -0.137839 0.218376
0.356315 0.14546 -0.143522
-0.253364 -0.0106928 0.319931
0.278567 0.26633 -0.175282
-0.17551 0.0227261 0.367905
0.196037 0.381441 -0.140489
-0.110099 -0.261738 0.272183
0.146286 0.456085 0.0223403
-0.116964 -0.174917 -0.344706
0.212188 0.356587 0.157209
-0.191776 0.0339651 -0.358833
0.29431 0.242858 0.174974
-0.266608 -0.0278366 -0.307881
0.368609 0.118318 0.133773
-0.322205 -0.155542 -0.190113
0.403689 0.00574687 0.0604522
-0.3476 -0.199645 -0.0260181
0.406887 -0.0105938 -0.0314433
-0.334457 -0.181909 0.133025
0.385249 0.0762049 -0.112829
-0.287213 -0.07448 0.279915
0.320357 0.20642 -0.165204
-0.217795 0.0259822 0.344332
0.23911 0.319529 -0.170712
-0.13656 -0.0585612 0.380072
0.159851 0.435471 -0.0808254
-0.105869 -0.350209 -0.064633
0.170528 0.418427 0.106502
-0.148662 -0.0173669 -0.379816
0.252127 0.29998 0.176362
-0.229875 0.0229805 -0.3366
0.332753 0.185956 0.160135
-0.296462 -0.0938808 -0.263453
0.391451 0.0556313 0.102239
-0.339174 -0.187573 -0.109736
0.407613 -0.0153183 0.0167645
-0.346187 -0.198129 0.0487734
0.401091 0.0185829 -0.0738303
-0.315165 -0.141384 0.213223
0.35876 0.140463 -0.141687
-0.255925 -0.0129789 0.317803
0.281545 0.262457 -0.174814
-0.17861 0.0256086 0.366224
0.199077 0.376963 -0.14368
-0.1111 -0.246286 0.289322
0.145761 0.457023 0.0137263
-0.115353 -0.189855 -0.335787
0.209109 0.36139 0.154282
-0.188705 0.0351504 -0.360345
0.291319 0.246884 0.17572
-0.264148 -0.0253842 -0.31022
0.366391 0.123335 0.135866
-0.320617 -0.152531 -0.195544
0.403163 0.0087568 0.0636333
-0.347357 -0.199301 -0.0317912
0.407108 -0.0120839 -0.0279664
-0.335654 -0.183597 0.127146
0.386817 0.0715757 -0.11022
-0.289447 -0.0796757 0.276046
0.323311 0.201888 -0.163902
-0.22068 0.0241331 0.342622
0.242177 0.316004 -0.170851
-0.139307 -0.0505295 0.380289
0.162202 0.431862 -0.0868823
-0.105768 -0.353459 -0.033272
0.167852 0.422827 0.100525
-0.145706 -0.0250484 -0.380523
0.249042 0.3036 0.176405
-0.227057 0.0250339 -0.338367
0.329854 0.190668 0.161633
-0.294327 -0.0889201 -0.267693
0.390099 0.0599231 0.105077
-0.338146 -0.186134 -0.115662
0.407479 -0.0145899 0.0201782
-0.346612 -0.19864 0.0429157
0.401782 0.0156974 -0.0706378
-0.316896 -0.146926 0.206247
0.361196 0.135381 -0.139749
-0.258503 -0.0185503 0.315424
0.284577 0.258502 -0.174255
-0.181762 0.0283152 0.364476
0.202187 0.372368 -0.146798
-0.112259 -0.230016 0.305031
0.145476 0.457519 0.00512258
-0.113865 -0.207696 -0.323405
0.205978 0.366162 0.151307
-0.185575 0.0327051 -0.36219
0.288277 0.250918 0.176443
-0.261607 -0.0197658 -0.312777
0.364076 0.128425 0.137952
-0.318962 -0.14935 -0.201004
0.402561 0.0113185 0.0669154
-0.347055 -0.198888 -0.0376526
0.407291 -0.0131511 -0.024546
-0.336816 -0.185206 0.121175
0.388357 0.0659023 -0.108136
-0.29168 -0.0848543 0.271995
0.32629 0.197252 -0.16251
-0.223583 0.0221698 0.340865
0.245304 0.3107 -0.173071
-0.142172 -0.0388243 0.380667
0.164701 0.427985 -0.0929101
-0.105729 -0.354579 -0.00645838
0.165228 0.427009 0.0945285
-0.142765 -0.0328108 -0.38103
0.245943 0.308974 0.17429
-0.224181 0.0270927 -0.340127
0.326895 0.195368 0.16311
-0.292132 -0.0838107 -0.271857
0.388656 0.0643629 0.107908
-0.33705 -0.184591 -0.12164
0.407331 -0.0134902 0.0237642
-0.346984 -0.199088 0.0370176
0.402425 0.0129199 -0.0673983
-0.318614 -0.150236 0.200795
0.363596 0.130257 -0.137734
-0.261075 -0.024158 0.312901
0.287655 0.252743 -0.175516
-0.18492 0.0272511 0.362958
0.205331 0.36768 -0.149847
-0.113575 -0.213016 0.319292
0.145438 0.457586 -0.000994901
-0.112515 -0.221802 -0.312307
0.202832 0.370877 0.148275
-0.182411 0.0301714 -0.364006
0.285214 0.25493 0.177119
-0.259037 -0.0172651 -0.315063
0.361688 0.133539 0.14
-0.317257 -0.146024 -0.206436
0.401906 0.0140193 0.0702011
-0.346695 -0.198407 -0.0435467
0.40744 -0.0140945 -0.0211104
-0.337926 -0.186723 0.115178
0.38981 0.0614219 -0.105333
-0.293886 -0.089955 0.267807
0.329257 0.192551 -0.161058
-0.22647 0.0201444 0.339078
0.248417 0.307083 -0.173084
-0.1451 -0.0310369 0.380301
0.167296 0.424836 -0.0964699
-0.105755 -0.353956 0.0251851
0.162689 0.430052 0.0909587
-0.139891 -0.0444937 -0.380866
0.242815 0.312567 0.174248
-0.22128 0.0291008 -0.341862
0.323916 0.200013 0.164533
-0.289902 -0.0786116 -0.275894
0.387139 0.0689016 0.110689
-0.3359 -0.182954 -0.127605
0.407146 -0.0124668 0.0271969
-0.347298 -0.19947 0.0311401
0.403045 0.00963475 -0.064251
-0.320285 -0.153406 0.195303
0.365929 0.125146 -0.135675
-0.263632 -0.0266382 0.310551
0.290702 0.248707 -0.174812
-0.188068 0.0297356 0.361149
0.20847 0.362928 -0.152838
-0.115038 -0.195365 0.332106
0.145678 0.457264 -0.00959754
-0.111324 -0.238464 -0.297268
0.199713 0.375505 0.145176
-0.179253 0.0275037 -0.365776
0.282167 0.25889 0.177724
-0.256449 -0.0116633 -0.317429
0.359258 0.138623 0.141976
-0.315515 -0.140459 -0.213393
0.401236 0.0175679 0.0732803
-0.346281 -0.197864 -0.0494117
0.407587 -0.0150806 -0.0175473
-0.338972 -0.188137 0.109221
0.391176 0.0570803 -0.102515
-0.296037 -0.0949175 0.263532
0.332153 0.189417 -0.158048
-0.229307 0.0181136 0.337281
0.251493 0.30346 -0.173067
-0.148056 -0.0233339 0.379727
0.169976 0.420548 -0.102458
-0.105842 -0.351781 0.0518835
0.160307 0.433787 0.0849138
-0.137112 -0.0524986 -0.380807
0.239737 0.317839 0.171978
-0.218388 0.0310037 -0.343555
0.320955 0.204561 0.16587
-0.287667 -0.0733848 -0.279756
0.385568 0.0734861 0.113382
-0.334703 -0.179891 -0.135621
0.406929 -0.0113308 0.0305851
-0.347554 -0.199783 0.0253415
0.403593 0.00717773 -0.0610125
-0.321883 -0.158301 0.18801
0.368168 0.120099 -0.133603
-0.266114 -0.0321694 0.30788
0.293704 0.244673 -0.17408
-0.191153 0.0321679 0.359325
0.211565 0.35814 -0.155779
-0.116624 -0.180564 0.341376
0.146166 0.456498 -0.0182097
-0.110292 -0.254348 -0.280783
0.196656 0.38002 0.142004
-0.176141 0.0246653 -0.367481
0.279168 0.262773 0.178241
-0.25389 -0.00933549 -0.319561
0.356814 0.143629 0.143855
-0.313775 -0.136886 -0.218544
0.400505 0.0205024 0.0764272
-0.345818 -0.197263 -0.055194
0.407686 -0.01572 -0.0141874
-0.339942 -0.189444 0.103364
0.392445 0.0529158 -0.0997177
-0.298102 -0.102282 0.258111
0.334989 0.1847 -0.156599
-0.232067 0.0161258 0.335489
0.25453 0.298114 -0.175134
-0.151 -0.0156894 0.378968
0.172678 0.416062 -0.108429
-0.105993 -0.347303 0.0829764
0.158095 0.437244 0.0788374
-0.134471 -0.064448 -0.379805
0.236705 0.321307 0.171786
-0.215533 0.0327608 -0.345195
0.318043 0.208987 0.1671
-0.285448 -0.0681825 -0.283414
0.383983 0.0792267 0.115232
-0.333495 -0.178046 -0.141351
0.406712 -0.00975816 0.0339999
-0.347752 -0.200028 0.0196637
0.404085 0.00488293 -0.0578354
-0.323421 -0.161074 0.182568
0.370298 0.115154 -0.131542
-0.268527 -0.0345262 0.305517
0.296637 0.240662 -0.17334
-0.194142 0.0310071 0.357815
0.214579 0.354913 -0.156393
-0.118314 -0.165441 0.349683
0.146863 0.455553 -0.0243549
-0.109412 -0.269364 -0.262886
0.193687 0.384404 0.138758
-0.173091 0.0253265 -0.36888
0.276238 0.266565 0.178659
-0.251361 -0.00394428 -0.321662
0.354379 0.148528 0.145619
-0.312041 -0.13326 -0.223519
0.39974 0.0235019 0.0794775
-0.345313 -0.196608 -0.06086
0.407776 -0.0163346 -0.0107415
-0.340835 -0.190644 0.0976409
0.393614 0.0489479 -0.0969639
-0.300093 -0.106806 0.253746
0.337725 0.180029 -0.155172
-0.234735 0.0142104 0.333715
0.257467 0.294541 -0.17509
-0.153905 -0.0080864 0.37804
0.175363 0.412529 -0.111959
-0.106201 -0.341898 0.108855
0.156068 0.440417 0.0727297
-0.131978 -0.0765178 -0.378279
0.23376 0.326399 0.169319
-0.212731 0.0343532 -0.346779
0.315198 0.213278 0.168213
-0.28326 -0.0630365 -0.286857
0.382357 0.0838066 0.117637
-0.332276 -0.176144 -0.146925
0.406456 -0.00840873 0.0372133
-0.347898 -0.200207 0.0141245
0.404553 0.00220019 -0.0547569
-0.324882 -0.163671 0.177216
0.372314 0.110331 -0.129504
-0.270847 -0.0398237 0.302787
0.299491 0.236684 -0.1726
-0.197047 0.0334429 0.356013
0.21753 0.350135 -0.159273
-0.12009 -0.150034 0.357048
0.147773 0.454019 -0.0329952
-0.108668 -0.283419 -0.243627
0.190813 0.388649 0.135444
-0.170132 0.0221226 -0.370454
0.273406 0.272043 0.177005
-0.248886 -0.0019088 -0.323602
0.351961 0.15331 0.147268
-0.310316 -0.129594 -0.228309
0.398973 0.0273778 0.0821627
-0.344771 -0.195903 -0.0664021
0.407831 -0.0166836 -0.00754018
-0.341644 -0.192651 0.0897674
0.394718 0.0442308 -0.0946878
-0.301997 -0.111119 0.249398
0.340357 0.175413 -0.153771
-0.237298 0.00905347 0.332068
0.260321 0.291002 -0.175049
-0.156758 -0.00429108 0.376927
0.178026 0.408922 -0.115485
-0.106467 -0.335058 0.134128
0.154227 0.443308 0.0665939
-0.129631 -0.0849139 -0.377151
0.230878 0.329706 0.168962
-0.209982 0.0357849 -0.348311
0.312418 0.217443 0.169213
-0.281104 -0.0579535 -0.290095
0.380711 0.0883478 0.119915
-0.331048 -0.174184 -0.152347
0.406177 -0.00698374 0.0403417
-0.347996 -0.200322 0.00871485
0.404956 0.000242714 -0.0517032
-0.326271 -0.166106 0.171951
0.374223 0.105626 -0.127484
-0.273087 -0.0449869 0.300006
0.302273 0.232736 -0.171859
-0.199854 0.0323349 0.354543
0.220384 0.346959 -0.159855
-0.121942 -0.134384 0.363483
0.148843 0.452478 -0.0391688
-0.108043 -0.29642 -0.223081
0.18803 0.392761 0.132068
-0.167258 0.0150239 -0.372113
0.270618 0.27566 0.177223
-0.246442 0.00323936 -0.325453
0.349557 0.157985 0.148814
-0.308589 -0.123547 -0.234333
0.398157 0.030514 0.0849888
-0.344193 -0.195147 -0.0718385
0.40786 -0.0169168 -0.00441001
-0.342397 -0.193603 0.084293
0.395719 0.0406628 -0.0919924
-0.303827 -0.115241 0.245058
0.342896 0.170843 -0.152386
-0.239801 0.00729552 0.330313
0.263105 0.28749 -0.175005
-0.159577 0.00323558 0.375755
0.180695 0.40404 -0.121409
-0.106793 -0.326827 0.158658
0.152564 0.445925 0.0604358
-0.127426 -0.0971587 -0.37467
0.228046 0.33295 0.168539
-0.207284 0.0335807 -0.350139
0.309691 0.221502 0.170116
-0.278968 -0.0529171 -0.293153
0.379041 0.0928619 0.122085
-0.329809 -0.17216 -0.157644
0.405897 -0.00504915 0.0434564
-0.34805 -0.200377 0.00340261
0.405319 -0.00158583 -0.0487007
-0.3276 -0.168398 0.166744
0.376041 0.101019 -0.125467
-0.275263 -0.0500419 0.297162
0.305 0.228798 -0.171107
-0.202591 0.0312386 0.353079
0.223212 0.342183 -0.162672
-0.123867 -0.122223 0.367652
0.150069 0.450681 -0.0453503
-0.107517 -0.308282 -0.201338
0.185317 0.39675 0.128642
-0.164432 0.0114868 -0.373494
0.267873 0.279214 0.177373
-0.24403 0.00504523 -0.327246
0.347132 0.161072 0.151636
-0.306873 -0.119728 -0.238773
0.397304 0.0337184 0.0877462
-0.343579 -0.194335 -0.0772082
0.407886 -0.0170541 -0.001152
-0.343091 -0.194476 0.0789
0.396651 0.0372433 -0.0893159
-0.305598 -0.119203 0.240701
0.345363 0.166293 -0.150999
-0.242248 0.00556325 0.328559
0.265845 0.283983 -0.174945
-0.16237 0.00694363 0.374506
0.183347 0.400244 -0.124897
-0.107183 -0.317257 0.182314
0.151066 0.448277 0.0542629
-0.125339 -0.109424 -0.371631
0.225269 0.337818 0.16583
-0.204591 0.0347631 -0.351609
0.30699 0.225487 0.170944
-0.27685 -0.0508508 -0.295546
0.377333 0.0973765 0.124173
-0.328549 -0.170057 -0.162863
0.405579 -0.00343615 0.0464648
-0.348065 -0.200373 -0.00186055
0.405647 -0.00330496 -0.0457192
-0.328875 -0.172179 0.159543
0.377788 0.0964766 -0.123425
-0.2774 -0.0550289 0.294228
0.307701 0.224845 -0.170323
-0.2053 0.0336334 0.351301
0.225986 0.339013 -0.163199
-0.125879 -0.110006 0.371257
0.151449 0.448629 -0.0515323
-0.107072 -0.317119 -0.182693
0.182648 0.400631 0.125178
-0.161635 0.00784158 -0.374806
0.265139 0.28273 0.177474
-0.241601 0.0100821 -0.328923
0.344709 0.165611 0.15308
-0.305134 -0.115817 -0.243122
0.396404 0.0370161 0.0904668
-0.342921 -0.193462 -0.0825635
0.407882 -0.0170441 0.00192069
-0.343737 -0.19528 0.0735351
0.397528 0.0339395 -0.0866266
-0.307333 -0.123043 0.236287
0.347785 0.161729 -0.149582
-0.244657 0.000541642 0.32681
0.268574 0.280459 -0.174853
-0.165171 0.0105705 0.373194
0.186024 0.396353 -0.128357
-0.107647 -0.30641 0.204971
0.149738 0.450838 0.0456082
-0.12335 -0.121667 -0.368031
0.222466 0.340992 0.165308
-0.20188 0.0358907 -0.353062
0.304286 0.229432 0.171723
-0.2747 -0.0458223 -0.298399
0.37557 0.101928 0.126215
-0.327247 -0.166164 -0.170005
0.40523 -0.00172705 0.04947
-0.34804 -0.20031 -0.00713085
0.405975 -0.00535931 -0.0426724
-0.330132 -0.174208 0.154282
0.379484 0.0919605 -0.121327
-0.279538 -0.0570784 0.291793
0.310406 0.220841 -0.169483
-0.207993 0.0324328 0.349823
0.228796 0.334167 -0.165912
-0.127996 -0.0977729 0.374301
0.152988 0.446317 -0.0577065
-0.1067 -0.326711 -0.159036
0.179995 0.404422 0.121687
-0.158836 0.00412399 -0.376058
0.262383 0.286235 0.177546
-0.239153 0.0118385 -0.330654
0.342233 0.170145 0.154501
-0.303353 -0.111774 -0.247423
0.395445 0.0404383 0.0931847
-0.342213 -0.192517 -0.0879607
0.407855 -0.0169294 0.00501601
-0.344342 -0.196024 0.0681421
0.39836 0.0307211 -0.083891
-0.309039 -0.12911 0.230326
0.350189 0.157112 -0.148105
-0.247084 -0.00126544 0.324982
0.271347 0.275131 -0.176705
-0.168009 0.01408 0.37181
0.188752 0.392351 -0.131775
-0.108198 -0.294359 0.226515
0.148548 0.452615 0.0394294
-0.121448 -0.137482 -0.362331
0.219651 0.345803 0.162501
-0.19912 0.0370052 -0.354514
0.301548 0.233368 0.172475
-0.272504 -0.040715 -0.301171
0.37373 0.106553 0.128239
-0.325908 -0.163786 -0.175193
0.404844 9.61785e-05 0.0525062
-0.347974 -0.200188 -0.0124632
0.406258 -0.00687725 -0.0396143
-0.331371 -0.176162 0.148929
0.381147 0.0874362 -0.11914
-0.281674 -0.0620939 0.288636
0.313126 0.218432 -0.166859
-0.210708 0.0311233 0.348309
0.231618 0.330914 -0.166333
-0.130237 -0.0855651 0.376784
0.154696 0.443737 -0.0638646
-0.106391 -0.334963 -0.134505
0.177334 0.408135 0.118179
-0.156007 0.000363962 -0.377261
0.259574 0.289753 0.177607
-0.23664 0.0136313 -0.332391
0.339679 0.174708 0.155926
-0.301508 -0.107563 -0.251713
0.39444 0.044974 0.0955046
-0.341435 -0.190543 -0.0957257
0.407804 -0.0167055 0.00816599
-0.344911 -0.196714 0.0626713
0.399183 0.0267529 -0.0813432
-0.310762 -0.132762 0.225617
0.352597 0.152407 -0.146542
-0.249535 -0.00318901 0.323093
0.274149 0.271493 -0.176469
-0.17091 0.0174373 0.370345
0.191557 0.388222 -0.13514
-0.108851 -0.283634 0.243223
0.147514 0.454135 0.0332601
-0.119615 -0.149525 -0.357452
0.216748 0.348992 0.161928
-0.196294 0.034577 -0.356325
0.298749 0.237322 0.17322
-0.270238 -0.0354917 -0.303883
0.371794 0.111282 0.130271
-0.324506 -0.161259 -0.180447
0.404439 0.00260853 0.0555781
-0.347864 -0.200004 -0.0179026
0.406516 -0.00832149 -0.0364826
-0.332601 -0.178054 0.143444
0.382786 0.0828798 -0.116839
-0.283836 -0.0671605 0.28529
0.315925 0.214223 -0.16586
-0.213468 0.0296701 0.346748
0.234527 0.325913 -0.168885
-0.132615 -0.077207 0.377903
0.156585 0.44088 -0.0699995
-0.106139 -0.341823 -0.109233
0.174648 0.411776 0.114662
-0.153144 -0.00720321 -0.378366
0.256689 0.293299 0.177666
-0.234033 0.0188327 -0.333977
0.337026 0.179321 0.15737
-0.299585 -0.103154 -0.256014
0.39333 0.0487628 0.0982634
-0.340599 -0.189364 -0.101329
0.407756 -0.0162497 0.0115592
-0.345444 -0.197351 0.0570884
0.399956 0.023677 -0.0784049
-0.312494 -0.136371 0.220735
0.355001 0.149033 -0.143608
-0.252021 -0.00847204 0.321057
0.277019 0.267766 -0.176144
-0.17389 0.0206153 0.368794
0.194455 0.383956 -0.138442
-0.109629 -0.269613 0.26247
0.146667 0.455649 0.0246246
-0.117861 -0.164958 -0.350102
0.213793 0.353813 0.15906
-0.193367 0.0357311 -0.357811
0.295874 0.241306 0.173965
-0.267901 -0.0331946 -0.306218
0.369748 0.116133 0.132324
-0.32303 -0.158565 -0.185789
0.403971 0.00474623 0.0587274
-0.347705 -0.199753 -0.0234754
0.406774 -0.0100221 -0.033163
-0.333821 -0.179887 0.137804
0.384406 0.0782845 -0.114408
-0.286032 -0.0722887 0.281734
0.318792 0.209882 -0.164747
-0.216282 0.0280537 0.34513
0.23749 0.322507 -0.16915
-0.135151 -0.0651818 0.37943
0.158661 0.43774 -0.076106
-0.105948 -0.348056 -0.0786696
0.171965 0.41644 0.10871
-0.15023 -0.0148093 -0.37931
0.253742 0.298648 0.175638
-0.231347 0.0207906 -0.335732
0.334268 0.183988 0.158841
-0.297574 -0.0985308 -0.260328
0.392123 0.0527488 0.101074
-0.339687 -0.188081 -0.107072
0.407662 -0.0157497 0.0148682
-0.345939 -0.197937 0.0513816
0.400697 0.0206552 -0.0753634
-0.314236 -0.139936 0.215667
0.357444 0.144083 -0.141856
-0.254561 -0.0106839 0.318983
0.279962 0.263944 -0.175721
-0.176952 0.0236014 0.367159
0.197449 0.379553 -0.141673
-0.110548 -0.254634 0.280357
0.146011 0.456566 0.0184841
-0.116195 -0.180108 -0.341806
0.210753 0.358627 0.156156
-0.19035 0.0333228 -0.359649
0.292921 0.245323 0.17471
-0.265471 -0.0277236 -0.308882
0.367589 0.121103 0.134399
-0.321467 -0.15377 -0.193003
0.403448 0.00704428 0.0619509
-0.347492 -0.199435 -0.0291838
0.406993 -0.0112722 -0.0298426
-0.335017 -0.182968 0.129856
0.385997 0.0736643 -0.111849
-0.288256 -0.0774651 0.277962
0.321721 0.205407 -0.16352
-0.219148 0.026276 0.343455
0.240545 0.317317 -0.171507
-0.137833 -0.0532764 0.380433
0.160922 0.434316 -0.082182
-0.105813 -0.351746 -0.0522635
0.169275 0.420922 0.10274
-0.14728 -0.0224614 -0.380083
0.250698 0.302259 0.175683
-0.22857 0.0228155 -0.337503
0.331412 0.188695 0.160328
-0.295467 -0.0910509 -0.265643
0.390816 0.0569277 0.103926
-0.338699 -0.186688 -0.112942
0.407557 -0.014933 0.018407
-0.34639 -0.198467 0.0455657
0.401422 0.0169792 -0.0723994
-0.31598 -0.14344 0.21043
0.359889 0.139029 -0.139994
-0.257129 -0.0162102 0.316676
0.28297 0.260032 -0.175203
-0.18008 0.0264007 0.365448
0.200525 0.375022 -0.144831
-0.111622 -0.238789 0.296832
0.145596 0.457304 0.00987554
-0.11464 -0.198254 -0.330189
0.207646 0.363422 0.153209
-0.187245 0.0345032 -0.361166
0.289903 0.249358 0.175441
-0.262962 -0.0221412 -0.311475
0.365323 0.126167 0.136479
-0.319847 -0.150667 -0.198446
0.402892 0.0101545 0.0651341
-0.347221 -0.199047 -0.0350032
0.407182 -0.0124219 -0.0264536
-0.3362 -0.184608 0.123923
0.387546 0.0690537 -0.109178
-0.290493 -0.082652 0.273992
0.324692 0.200813 -0.162191
-0.222045 0.0243619 0.341727
0.243637 0.313762 -0.17161
-0.140637 -0.0453078 0.38049
0.163347 0.430616 -0.088228
-0.105742 -0.35417 -0.0207716
0.166605 0.42422 0.0991952
-0.144327 -0.0301796 -0.380667
0.247592 0.305883 0.175711
-0.22572 0.0248721 -0.339276
0.328479 0.193412 0.161811
-0.293302 -0.0860057 -0.269842
0.389437 0.0623402 0.106212
-0.337638 -0.185188 -0.118896
0.407413 -0.0141297 0.0218387
-0.346791 -0.198937 0.0396805
0.402096 0.0141516 -0.0691711
-0.317702 -0.148897 0.203363
0.362313 0.133907 -0.138042
-0.259706 -0.0218008 0.314215
0.286018 0.256048 -0.174601
-0.183245 0.0290379 0.363677
0.203655 0.370383 -0.147917
-0.112856 -0.222168 0.311866
0.14543 0.457595 0.00127464
-0.113212 -0.212629 -0.319733
0.204503 0.368176 0.15021
-0.184094 0.0320248 -0.363003
0.286848 0.253388 0.176138
-0.26041 -0.0196334 -0.313788
0.36297 0.131282 0.138539
-0.318167 -0.147404 -0.203892
0.402269 0.012795 0.0684144
-0.346892 -0.19859 -0.0408864
0.407372 -0.0136852 -0.0228906
-0.337341 -0.186164 0.117927
0.389034 0.0645016 -0.106427
-0.292717 -0.0877938 0.269858
0.327672 0.196132 -0.160785
-0.224944 0.0223566 0.33996
0.246767 0.308432 -0.173792
-0.143539 -0.0336577 0.380664
0.165905 0.426656 -0.0942469
-0.105734 -0.354498 0.0108799
0.164025 0.428328 0.093191
-0.141409 -0.0379915 -0.381038
0.244481 0.31124 0.173564
-0.222827 0.0269085 -0.341032
0.325505 0.198097 0.163257
-0.291087 -0.0808382 -0.273941
0.38796 0.0668423 0.109012
-0.336516 -0.183588 -0.124872
0.407234 -0.0131949 0.0252863
-0.347136 -0.199343 0.0337831
0.40272 0.0114448 -0.0659146
-0.319402 -0.152134 0.197876
0.364685 0.128769 -0.136027
-0.262284 -0.0242824 0.311887
0.289074 0.252019 -0.173935
-0.186397 0.0279328 0.362151
0.206802 0.365665 -0.15094
-0.114243 -0.204855 0.325451
0.145517 0.457495 -0.0048434
-0.111938 -0.229669 -0.30547
0.201365 0.372858 0.147149
-0.180928 0.0294361 -0.364804
0.28379 0.257381 0.176777
-0.257823 -0.0140058 -0.316218
0.360558 0.136395 0.140545
-0.316446 -0.14401 -0.209281
0.401595 0.0155635 0.0716787
-0.346506 -0.198068 -0.0467729
0.407511 -0.0145556 -0.0194588
-0.338423 -0.187622 0.111936
0.390465 0.0590225 -0.104199
-0.294901 -0.0928283 0.265611
0.330622 0.191407 -0.159336
-0.227811 0.0203159 0.338172
0.249872 0.304809 -0.173783
-0.146486 -0.0259153 0.380165
0.168553 0.422459 -0.100243
-0.105788 -0.353128 0.0376726
0.161563 0.432182 0.0871599
-0.138576 -0.0497332 -0.380668
0.241367 0.314812 0.17349
-0.219926 0.0288678 -0.342756
0.322529 0.202705 0.164634
-0.288852 -0.0756109 -0.277889
0.386418 0.0714179 0.111744
-0.335347 -0.181899 -0.130802
0.407054 -0.0118521 0.0288312
-0.347423 -0.199681 0.027935
0.403312 0.00825551 -0.0627558
-0.321046 -0.155219 0.192379
0.366977 0.123668 -0.133984
-0.2648 -0.0298569 0.309249
0.292101 0.247976 -0.173229
-0.189521 0.03039 0.360336
0.209926 0.360898 -0.153908
-0.115764 -0.190292 0.33535
0.145876 0.45697 -0.0134499
-0.110821 -0.245979 -0.289754
0.198271 0.37744 0.144018
-0.177788 0.0266945 -0.366549
0.280764 0.26131 0.177336
-0.255237 -0.0084303 -0.318501
0.358117 0.141454 0.142466
-0.314697 -0.138364 -0.21614
0.400902 0.0191814 0.0747027
-0.346068 -0.197485 -0.0526032
0.407642 -0.01545 -0.0159128
-0.339435 -0.188974 0.106017
0.391789 0.0547694 -0.101374
-0.297019 -0.0977003 0.261303
0.333504 0.18668 -0.157873
-0.230614 0.0182942 0.336382
0.252923 0.301191 -0.173754
-0.14944 -0.0182452 0.37947
0.171244 0.418052 -0.10622
-0.105906 -0.349586 0.0689771
0.159257 0.435764 0.0810985
-0.135857 -0.0578036 -0.380446
0.238312 0.320043 0.171174
-0.217049 0.0307007 -0.344431
0.319588 0.207203 0.165915
-0.286622 -0.0703827 -0.281646
0.38483 0.0760161 0.114371
-0.334147 -0.180136 -0.136626
0.406829 -0.0106575 0.0321837
-0.347651 -0.199951 0.0221884
0.403838 0.00588479 -0.0595357
-0.322621 -0.15813 0.186926
0.369167 0.118651 -0.13194
-0.267257 -0.0322628 0.306882
0.295071 0.243946 -0.172505
-0.192568 0.0328135 0.358512
0.212991 0.356105 -0.156831
-0.117405 -0.171931 0.346315
0.146471 0.456005 -0.022068
-0.109861 -0.26147 -0.272604
0.195253 0.381899 0.140813
-0.174707 0.0237705 -0.368223
0.277797 0.265153 0.177801
-0.252699 -0.0061579 -0.320578
0.355674 0.146419 0.14428
-0.312959 -0.134754 -0.221202
0.400159 0.0221588 0.0777968
-0.345585 -0.196847 -0.058332
0.407731 -0.0160153 -0.0125867
-0.340369 -0.190219 0.100216
0.393014 0.0507051 -0.0985825
-0.299054 -0.102373 0.256979
0.336294 0.181986 -0.156424
-0.23333 0.0163321 0.334604
0.255899 0.2976 -0.173719
-0.15236 -0.0144102 0.378472
0.173936 0.414566 -0.109753
-0.106083 -0.344961 0.095121
0.157131 0.439064 0.0750055
-0.133285 -0.0698128 -0.379211
0.235315 0.323473 0.170941
-0.214219 0.0323762 -0.34605
0.316705 0.21157 0.167082
-0.284416 -0.0651972 -0.285191
0.383212 0.080598 0.116872
-0.332922 -0.176875 -0.144396
0.406578 -0.00937276 0.0354536
-0.347825 -0.200153 0.0165744
0.404309 0.00367612 -0.0563854
-0.324112 -0.16267 0.179674
0.371244 0.113749 -0.129914
-0.269623 -0.0376301 0.304168
0.297967 0.239946 -0.171778
-0.195513 0.031663 0.357013
0.215968 0.352889 -0.157437
-0.119138 -0.156634 0.354086
0.147266 0.454907 -0.0282205
-0.109047 -0.276049 -0.254063
0.192329 0.386223 0.137536
-0.171704 0.0206534 -0.369816
0.274903 0.268901 0.178168
-0.250199 -0.0040449 -0.322569
0.353226 0.149802 0.147258
-0.31123 -0.131099 -0.22608
0.399384 0.0251941 0.0807891
-0.345062 -0.196157 -0.0639374
0.40779 -0.016451 -0.00934408
-0.341227 -0.191359 0.0945564
0.394142 0.0468391 -0.095841
-0.300991 -0.109352 0.251467
0.338979 0.177346 -0.154999
-0.235944 0.0111193 0.332973
0.258818 0.292296 -0.175759
-0.155246 -0.00681869 0.377515
0.176609 0.411003 -0.113283
-0.106318 -0.338882 0.120735
0.155191 0.44208 0.0688827
-0.130857 -0.0781528 -0.378306
0.232388 0.326823 0.17063
-0.211443 0.0338863 -0.347613
0.313869 0.214114 0.16982
-0.282243 -0.0600747 -0.288525
0.381575 0.0851438 0.119241
-0.331699 -0.174935 -0.149891
0.406335 -0.00762187 0.0387139
-0.347947 -0.200291 0.0110981
0.404729 0.00162202 -0.0533093
-0.325539 -0.165178 0.174358
0.373209 0.108969 -0.127911
-0.271902 -0.0428571 0.301403
0.300786 0.235978 -0.171052
-0.198373 0.0341027 0.355215
0.218883 0.348113 -0.160302
-0.120946 -0.144677 0.359288
0.148242 0.453541 -0.0343882
-0.108362 -0.289623 -0.234194
0.189499 0.390409 0.134193
-0.168782 0.0173516 -0.371324
0.272081 0.27256 0.178442
-0.247737 0.00115911 -0.324484
0.35082 0.154521 0.148878
-0.309511 -0.127403 -0.230779
0.398578 0.0282814 0.0836816
-0.344504 -0.195418 -0.0694243
0.407852 -0.0168268 -0.0060099
-0.342013 -0.192402 0.0890321
0.39518 0.0431619 -0.0931477
-0.302859 -0.113563 0.247115
0.341563 0.172758 -0.153597
-0.238484 0.00932635 0.331216
0.261639 0.288772 -0.175713
-0.158076 -0.00303214 0.376387
0.179285 0.406187 -0.119218
-0.106612 -0.331387 0.145678
0.153435 0.444817 0.0627343
-0.128582 -0.0903713 -0.37613
0.229553 0.331792 0.168034
-0.208715 0.0352452 -0.349127
0.311119 0.218219 0.170788
-0.28011 -0.0579243 -0.291067
0.379917 0.0896548 0.12149
-0.330468 -0.172936 -0.155245
0.406049 -0.00615176 0.0418031
-0.348024 -0.200367 0.00573901
0.405137 -0.000795764 -0.0502901
-0.326899 -0.167532 0.169119
0.375073 0.104301 -0.12592
-0.274109 -0.0479598 0.298584
0.30354 0.232033 -0.170322
-0.201146 0.032999 0.353753
0.22171 0.344944 -0.160873
-0.122834 -0.128962 0.3654
0.149403 0.451499 -0.0430439
-0.107786 -0.302103 -0.213077
0.186752 0.394466 0.130793
-0.165929 0.0138888 -0.372751
0.269314 0.276143 0.178636
-0.245315 0.00300999 -0.32631
0.348422 0.159145 0.150404
-0.307795 -0.123657 -0.235323
0.397767 0.0322917 0.0861833
-0.343909 -0.194626 -0.0748214
0.407875 -0.0169982 -0.00290423
-0.342737 -0.193359 0.0836122
0.396167 0.0387428 -0.0908628
-0.30466 -0.117597 0.242761
0.344063 0.168206 -0.152204
-0.240955 0.00757991 0.329469
0.264401 0.285265 -0.175659
-0.160885 0.00447115 0.375183
0.181934 0.40244 -0.122719
-0.106967 -0.322523 0.169815
0.151851 0.447285 0.0565672
-0.126435 -0.102633 -0.373398
0.226741 0.335011 0.167582
-0.206016 0.0364844 -0.350603
0.30841 0.222234 0.171667
-0.277982 -0.0529226 -0.294096
0.378231 0.0941508 0.123642
-0.329221 -0.170867 -0.160493
0.405738 -0.00460404 0.0448381
-0.34806 -0.200384 0.000456396
0.405486 -0.00256073 -0.0472956
-0.328205 -0.169757 0.163918
0.376856 0.0997151 -0.123919
-0.276276 -0.050012 0.296232
0.306252 0.228086 -0.169572
-0.203862 0.0318918 0.352292
0.22452 0.340158 -0.16367
-0.124798 -0.116773 0.369316
0.150702 0.449559 -0.0492259
-0.1073 -0.313405 -0.190809
0.184062 0.398407 0.127349
-0.16312 0.0102983 -0.374103
0.266575 0.279675 0.178771
-0.242893 0.00805681 -0.328027
0.346013 0.163706 0.151862
-0.306059 -0.117431 -0.24108
0.396896 0.0355453 0.0889092
-0.343276 -0.193776 -0.080175
0.407874 -0.0170638 0.000170624
-0.343407 -0.194241 0.078249
0.397074 0.0353905 -0.0881742
-0.306412 -0.121489 0.238373
0.346481 0.16516 -0.149423
-0.243375 0.00256067 0.327758
0.267133 0.281754 -0.175581
-0.163678 0.00814732 0.373911
0.184594 0.398606 -0.126197
-0.10739 -0.312349 0.193019
0.150427 0.44949 0.0503894
-0.124396 -0.114895 -0.370107
0.223965 0.339855 0.164843
-0.203316 0.0376454 -0.352056
0.305714 0.22619 0.172484
-0.275846 -0.0479119 -0.296994
0.376499 0.0986639 0.125729
-0.327948 -0.16871 -0.165687
0.405423 -0.00248949 0.0478789
-0.348055 -0.200342 -0.00480288
0.405803 -0.00422499 -0.0443066
-0.329463 -0.173452 0.156683
0.378576 0.0951759 -0.121879
-0.278407 -0.0550064 0.29329
0.308953 0.224108 -0.16878
-0.206553 0.0307417 0.350819
0.227296 0.336976 -0.164176
-0.126856 -0.104546 0.372669
0.152156 0.447362 -0.0554045
-0.10689 -0.321759 -0.171769
0.181404 0.402249 0.123872
-0.160325 0.00661671 -0.375391
0.263857 0.284961 0.176833
-0.240465 0.00980568 -0.329768
0.343566 0.168243 0.153282
-0.304304 -0.113454 -0.245391
0.395973 0.0389063 0.091614
-0.342596 -0.192859 -0.0855406
0.407876 -0.0169923 0.00342285
-0.344032 -0.195059 0.0728867
0.397931 0.0321392 -0.0854572
-0.308137 -0.125277 0.233907
0.348896 0.160567 -0.148002
-0.245796 0.000791633 0.325959
0.269869 0.278211 -0.175461
-0.166492 0.0117256 0.372572
0.187291 0.39467 -0.129639
-0.107893 -0.300931 0.21517
0.149153 0.45144 0.0442095
-0.122447 -0.127118 -0.366257
0.221151 0.343025 0.164304
-0.200599 0.035235 -0.353856
0.302999 0.230122 0.173262
-0.273677 -0.0428463 -0.299795
0.374703 0.103232 0.127783
-0.326623 -0.164724 -0.172811
0.405061 -0.000719302 0.0508887
-0.348011 -0.200241 -0.0100956
0.406113 -0.00621673 -0.0412274
-0.330711 -0.175433 0.151379
0.380254 0.0906456 -0.119767
-0.280535 -0.06 0.29021
0.311674 0.220064 -0.16792
-0.209251 0.0295051 0.349318
0.230118 0.332097 -0.166855
-0.129028 -0.0923214 0.37546
0.153773 0.444901 -0.0615711
-0.106548 -0.330733 -0.147688
0.178749 0.406007 0.120373
-0.157515 0.00287773 -0.376624
0.261082 0.28847 0.176893
-0.237987 0.0115684 -0.331506
0.341055 0.172792 0.154692
-0.302496 -0.109329 -0.249673
0.394984 0.0424069 0.0943307
-0.341861 -0.191866 -0.0909729
0.407842 -0.0168169 0.00653962
-0.34462 -0.195821 0.0674709
0.398749 0.0289614 -0.0826792
-0.309855 -0.128994 0.229317
0.351303 0.155902 -0.146509
-0.248218 -0.00431216 0.324084
0.272639 0.274611 -0.175277
-0.169357 0.0151697 0.371155
0.190053 0.390614 -0.133035
-0.10849 -0.288345 0.23616
0.148046 0.453502 0.0355571
-0.12058 -0.142875 -0.360235
0.218308 0.347832 0.16148
-0.197807 0.0363503 -0.355315
0.300236 0.234059 0.174023
-0.271449 -0.0376831 -0.302526
0.372821 0.107889 0.129833
-0.325257 -0.162269 -0.178019
0.404659 0.00117419 0.0539434
-0.347925 -0.200079 -0.015473
0.406388 -0.00768964 -0.0381326
-0.331946 -0.177346 0.145964
0.381904 0.0860934 -0.117555
-0.282681 -0.0650303 0.286957
0.31444 0.215921 -0.166969
-0.211996 0.0316185 0.347485
0.232969 0.328812 -0.167241
-0.131334 -0.0801415 0.377693
0.155565 0.442168 -0.0677179
-0.106266 -0.338341 -0.122794
0.176076 0.409691 0.116861
-0.154676 -0.00467115 -0.377783
0.258242 0.291999 0.176947
-0.235429 0.0167163 -0.333108
0.338454 0.177381 0.156114
-0.300617 -0.105019 -0.253956
0.393915 0.0460775 0.0970854
-0.341062 -0.190784 -0.096517
0.407783 -0.0165286 0.00972285
-0.345161 -0.197138 0.0596025
0.399532 0.0258393 -0.0798137
-0.311568 -0.134902 0.22305
0.35372 0.151136 -0.144919
-0.250692 -0.0062895 0.322147
0.275467 0.270931 -0.175012
-0.172294 0.0184478 0.369654
0.1929 0.386426 -0.136373
-0.109199 -0.277216 0.252371
0.147094 0.454875 0.0293935
-0.118785 -0.15841 -0.353289
0.21537 0.351032 0.160898
-0.194927 0.0374945 -0.356785
0.297403 0.238021 0.174781
-0.269158 -0.0354417 -0.304852
0.370835 0.112661 0.131899
-0.323822 -0.159655 -0.183306
0.40421 0.00320939 0.057066
-0.347793 -0.199854 -0.0209723
0.406638 -0.00908855 -0.0349556
-0.333172 -0.179199 0.140402
0.383532 0.0815028 -0.115219
-0.284858 -0.070119 0.283503
0.31727 0.211656 -0.165909
-0.214782 0.0300848 0.345902
0.23591 0.323765 -0.169748
-0.133783 -0.0718353 0.378629
0.157542 0.439155 -0.0738386
-0.106043 -0.345484 -0.0925811
0.173401 0.414423 0.110916
-0.151779 -0.00847223 -0.378887
0.255319 0.295562 0.177003
-0.232792 0.018626 -0.334859
0.335751 0.182025 0.157561
-0.298653 -0.100502 -0.258254
0.392781 0.0509358 0.0994133
-0.34019 -0.189602 -0.102199
0.407719 -0.0159881 0.0131524
-0.345677 -0.19774 0.0539598
0.400313 0.0219982 -0.0770651
-0.313306 -0.138481 0.218071
0.356154 0.146253 -0.143217
-0.253196 -0.011624 0.320026
0.278391 0.265402 -0.176607
-0.175313 0.0215386 0.368067
0.195843 0.3821 -0.139644
-0.110041 -0.262736 0.27099
0.146323 0.455977 0.0232451
-0.11707 -0.173679 -0.345404
0.212376 0.355855 0.158016
-0.191965 0.0350908 -0.358626
0.29449 0.242017 0.175541
-0.266773 -0.0300366 -0.307535
0.368736 0.117555 0.133988
-0.322311 -0.156866 -0.188683
0.403738 0.00600258 0.0602089
-0.347609 -0.199561 -0.0266092
0.406883 -0.0107241 -0.0315822
-0.334388 -0.180993 0.134684
0.385136 0.0768762 -0.112753
-0.287068 -0.0752657 0.279833
0.320167 0.207255 -0.164733
-0.217622 0.0283857 0.344263
0.238911 0.32032 -0.169972
-0.136389 -0.0598649 0.379918
0.159705 0.435857 -0.0799293
-0.105877 -0.349963 -0.0663909
0.170694 0.417919 0.107386
-0.148847 -0.0160927 -0.3798
0.25231 0.299159 0.177061
-0.230061 0.0206124 -0.336629
0.332922 0.185121 0.160545
-0.296602 -0.0957716 -0.262557
0.391531 0.0550233 0.102234
-0.33923 -0.187223 -0.11025
0.407616 -0.0154152 0.0164977
-0.346152 -0.198289 0.0481969
0.401041 0.0190164 -0.0739682
-0.315052 -0.14201 0.212912
0.3586 0.141257 -0.141401
-0.255759 -0.0138936 0.317895
0.281368 0.261538 -0.176133
-0.178409 0.0244376 0.366399
0.198878 0.377639 -0.142842
-0.111032 -0.247342 0.288223
0.145786 0.456956 0.0146305
-0.115452 -0.188645 -0.336564
0.209302 0.360666 0.155094
-0.188907 0.0326775 -0.360467
0.291502 0.246039 0.176295
-0.264302 -0.0245036 -0.310157
0.366525 0.122559 0.136093
-0.320724 -0.153899 -0.194134
0.403193 0.00838723 0.0634544
-0.34737 -0.199198 -0.0323732
0.407093 -0.0119181 -0.0282224
-0.335584 -0.182721 0.128826
0.386734 0.0711327 -0.11083
-0.289301 -0.0804453 0.275954
0.323118 0.202726 -0.163447
-0.220505 0.026534 0.342567
0.241992 0.315088 -0.172282
-0.139134 -0.0480205 0.380695
0.162046 0.432278 -0.0859891
-0.105773 -0.353331 -0.0350516
0.168018 0.422344 0.101412
-0.145891 -0.0237684 -0.380536
0.249255 0.304539 0.174995
-0.227245 0.0226519 -0.338409
0.330028 0.189828 0.162054
-0.29447 -0.0908476 -0.266835
0.390181 0.0592949 0.105084
-0.338208 -0.185768 -0.116162
0.407479 -0.0147068 0.0199106
-0.346581 -0.19878 0.0423409
0.40173 0.0161143 -0.0707893
-0.316793 -0.145466 0.207597
0.361038 0.136172 -0.139481
-0.258333 -0.0194514 0.315503
0.2844 0.257591 -0.175567
-0.181559 0.0271593 0.364661
0.201984 0.373059 -0.145968
-0.11218 -0.231124 0.304028
0.145485 0.457492 0.00602633
-0.113955 -0.206526 -0.324277
0.206175 0.365449 0.152126
-0.185772 0.0338442 -0.361986
0.288461 0.250071 0.177027
-0.261775 -0.0220051 -0.312489
0.364216 0.127639 0.138193
-0.319063 -0.148757 -0.20134
0.40259 0.0109285 0.0667433
-0.347072 -0.198766 -0.0382283
0.407272 -0.013004 -0.0248079
-0.336737 -0.185589 0.120681
0.388259 0.0665519 -0.108104
-0.291536 -0.0856106 0.271889
0.326098 0.198091 -0.162069
-0.223408 0.0245649 0.340825
0.245102 0.311506 -0.172351
-0.141987 -0.0401126 0.380597
0.164538 0.42843 -0.0920198
-0.10573 -0.354551 -0.00824565
0.165391 0.426553 0.0954177
-0.142948 -0.0315238 -0.381072
0.246135 0.308161 0.175005
-0.22437 0.0247002 -0.340183
0.327073 0.194525 0.163543
-0.292277 -0.0857712 -0.271042
0.388741 0.0637172 0.107929
-0.337117 -0.184208 -0.12213
0.407339 -0.0136296 0.0234999
-0.346957 -0.199208 0.0364411
0.4024 0.0126421 -0.0676889
-0.3185 -0.150829 0.200454
0.363442 0.131043 -0.137483
-0.260923 -0.0219176 0.313206
0.287458 0.253584 -0.174926
-0.184728 0.0297361 0.362871
0.205127 0.368384 -0.149025
-0.113487 -0.21417 0.318385
0.145443 0.457578 -0.00257324
-0.112596 -0.220667 -0.313259
0.20303 0.370177 0.149101
-0.18261 0.0313225 -0.363811
0.285397 0.254083 0.177713
-0.259198 -0.0163682 -0.314977
0.361832 0.132747 0.140257
-0.317363 -0.145417 -0.206759
0.401966 0.0143098 0.0699011
-0.346715 -0.198266 -0.0441194
0.407446 -0.0141802 -0.0212327
-0.337853 -0.187088 0.114675
0.389715 0.062055 -0.105318
-0.293745 -0.0907014 0.267684
0.329068 0.193389 -0.160629
-0.226296 0.0225299 0.339053
0.248212 0.307891 -0.172371
-0.144912 -0.0323181 0.380262
0.167141 0.424332 -0.0980251
-0.105752 -0.354047 0.0234016
0.162859 0.430522 0.0893991
-0.14007 -0.0431991 -0.380955
0.243022 0.313496 0.172822
-0.221457 0.0301196 -0.341657
0.324095 0.19917 0.164979
-0.290037 -0.0778448 -0.275979
0.387248 0.0693459 0.110088
-0.335971 -0.182553 -0.128089
0.407151 -0.0126254 0.0269377
-0.347275 -0.199571 0.0305583
0.403003 0.0100114 -0.0644249
-0.320177 -0.153987 0.194946
0.36578 0.125922 -0.135439
-0.263467 -0.0275209 0.310607
0.290506 0.249547 -0.174232
-0.187865 0.0286001 0.361341
0.208268 0.363643 -0.152022
-0.114941 -0.196561 0.331295
0.145653 0.457311 -0.0086935
-0.111395 -0.237377 -0.298316
0.199908 0.37482 0.14601
-0.179451 0.0286692 -0.365592
0.28237 0.259819 0.176411
-0.256606 -0.0107536 -0.317329
0.359403 0.137827 0.142252
-0.315632 -0.141963 -0.21209
0.401274 0.01714 0.0731348
-0.346305 -0.197703 -0.0499849
0.407574 -0.014976 -0.0178134
-0.338904 -0.188485 0.108706
0.391083 0.0576938 -0.102512
-0.295901 -0.0956573 0.26339
0.331989 0.188662 -0.15916
-0.229135 0.020486 0.337268
0.251314 0.302533 -0.174474
-0.147866 -0.0246095 0.379717
0.1698 0.421038 -0.101572
-0.105835 -0.351973 0.0501141
0.160466 0.434227 0.0833522
-0.137282 -0.0511954 -0.380931
0.239928 0.31704 0.172713
-0.218575 0.0286012 -0.343641
0.321132 0.203721 0.166332
-0.287801 -0.0726027 -0.27983
0.385684 0.0739469 0.112761
-0.334787 -0.180816 -0.133971
0.406956 -0.0112035 0.0304484
-0.347534 -0.199866 0.0247515
0.40355 0.00753346 -0.0611914
-0.321792 -0.156982 0.189456
0.368026 0.120863 -0.133379
-0.265964 -0.0299671 0.308243
0.293511 0.24551 -0.173508
-0.190957 0.0310395 0.359523
0.211369 0.358865 -0.15497
-0.11652 -0.181788 0.340643
0.146126 0.456585 -0.017305
-0.110353 -0.253316 -0.281927
0.196846 0.379351 0.142846
-0.176336 0.0258471 -0.367309
0.279371 0.263711 0.176921
-0.254049 -0.00840975 -0.319458
0.35696 0.142833 0.144149
-0.313879 -0.136245 -0.218841
0.400542 0.0200591 0.0762967
-0.345845 -0.197082 -0.0557704
0.40769 -0.015779 -0.0142918
-0.33988 -0.189776 0.102834
0.392378 0.0525082 -0.100227
-0.297982 -0.10043 0.259059
0.334829 0.183952 -0.157692
-0.231889 0.0151267 0.335654
0.254336 0.298926 -0.174436
-0.150812 -0.0169604 0.378986
0.172505 0.416576 -0.107546
-0.105981 -0.347611 0.0812361
0.158242 0.437653 0.0772742
-0.134633 -0.063138 -0.379982
0.236885 0.320513 0.17253
-0.215719 0.0303574 -0.345296
0.318218 0.20815 0.167578
-0.28558 -0.0673831 -0.283477
0.384083 0.0785498 0.115318
-0.333578 -0.17901 -0.139725
0.406723 -0.00995401 0.0337598
-0.347736 -0.200092 0.019064
0.40407 0.00463727 -0.0580666
-0.323332 -0.159799 0.18403
0.370163 0.115904 -0.13133
-0.268375 -0.035402 0.305545
0.296448 0.241494 -0.172774
-0.193962 0.0334605 0.357702
0.2144 0.354071 -0.157877
-0.118204 -0.166691 0.349027
0.146822 0.455424 -0.0259297
-0.109463 -0.268393 -0.264121
0.19387 0.383752 0.139608
-0.17329 0.022835 -0.368949
0.276439 0.267511 0.177334
-0.251513 -0.00300264 -0.321549
0.354525 0.147734 0.145933
-0.312145 -0.132602 -0.223809
0.399805 0.0238372 0.0791341
-0.345343 -0.196409 -0.0614406
0.407769 -0.0162717 -0.0110026
-0.340779 -0.190959 0.0970953
0.39356 0.048546 -0.0974462
-0.299976 -0.104994 0.254726
0.337569 0.179287 -0.156243
-0.234565 0.0132123 0.333873
0.257276 0.295351 -0.174396
-0.153722 -0.00935306 0.378085
0.175187 0.413057 -0.111078
-0.106186 -0.342303 0.10715
0.156203 0.440796 0.0711653
-0.132131 -0.0752029 -0.378509
0.233942 0.325619 0.170075
-0.212914 0.0319497 -0.346893
0.315368 0.212446 0.168707
-0.283403 -0.0650851 -0.286233
0.382456 0.083124 0.117744
-0.332347 -0.175681 -0.1474
0.406465 -0.00862031 0.0369835
-0.347885 -0.200253 0.0135151
0.404521 0.00251285 -0.0549445
-0.324786 -0.164217 0.176794
0.372186 0.111066 -0.129303
-0.270698 -0.0406976 0.302796
0.299307 0.237512 -0.172041
-0.196863 0.0323223 0.356213
0.21734 0.350868 -0.158474
-0.119975 -0.151307 0.356468
0.147709 0.454175 -0.0320891
-0.108712 -0.282515 -0.244951
0.190991 0.388016 0.1363
-0.170326 0.0196315 -0.370507
0.273581 0.271218 0.17765
-0.24904 -0.000950847 -0.323487
0.352108 0.152517 0.1476
-0.310422 -0.128919 -0.228592
0.399019 0.0269066 0.0820688
-0.344803 -0.195684 -0.0669863
0.407821 -0.016639 -0.00779731
-0.341603 -0.192041 0.0914985
0.394647 0.0447797 -0.0947171
-0.301884 -0.109347 0.250408
0.340204 0.174677 -0.15482
-0.237148 0.0113767 0.332112
0.260132 0.29181 -0.17436
-0.156575 -0.00555353 0.376985
0.177871 0.408306 -0.117023
-0.106448 -0.335557 0.132468
0.15435 0.443656 0.0650285
-0.129774 -0.0835943 -0.377421
0.231051 0.328932 0.169726
-0.210164 0.0333809 -0.348437
0.312586 0.216615 0.169721
-0.281246 -0.0600181 -0.289518
0.380811 0.0876598 0.120042
-0.331121 -0.173703 -0.15282
0.406207 -0.00680893 0.0401922
-0.347986 -0.200351 0.0080973
0.404924 0.00053634 -0.0518934
-0.326181 -0.16664 0.171511
0.374102 0.106347 -0.127295
-0.27294 -0.0458576 0.299996
0.302093 0.23356 -0.171308
-0.199673 0.0312176 0.354739
0.220221 0.346091 -0.161325
-0.121822 -0.135676 0.362978
0.148767 0.452663 -0.0382623
-0.10808 -0.295589 -0.224488
0.188202 0.392145 0.13293
-0.167438 0.0162525 -0.371981
0.270789 0.274839 0.177879
-0.246601 0.000957001 -0.325351
0.349706 0.157193 0.149163
-0.308707 -0.125193 -0.233205
0.398202 0.0300295 0.08491
-0.344228 -0.19491 -0.0724242
0.407868 -0.0169356 -0.00449216
-0.342358 -0.193032 0.0860254
0.395651 0.0411922 -0.0920306
-0.303706 -0.11596 0.244821
0.342726 0.171641 -0.151999
-0.23965 0.00960413 0.330368
0.262942 0.286543 -0.17637
-0.159399 0.00197926 0.375839
0.180524 0.404606 -0.120533
-0.10677 -0.327417 0.157051
0.152677 0.446241 0.0588693
-0.127561 -0.09584 -0.374996
0.228238 0.333862 0.167089
-0.207453 0.034674 -0.349935
0.309857 0.220678 0.170638
-0.279112 -0.0549981 -0.29262
0.379142 0.0921678 0.12223
-0.329884 -0.171662 -0.158114
0.405914 -0.00529318 0.0432473
-0.348043 -0.200388 0.00277992
0.405308 -0.00179872 -0.048879
-0.327515 -0.16892 0.166289
0.375925 0.101728 -0.12529
-0.275133 -0.0479331 0.297653
0.304823 0.22962 -0.170564
-0.202426 0.0336576 0.352963
0.223027 0.342927 -0.161884
-0.123743 -0.123526 0.367204
0.149982 0.450895 -0.0444438
-0.107548 -0.307529 -0.202821
0.185485 0.39615 0.12951
-0.164609 0.0127273 -0.373376
0.26804 0.278396 0.178038
-0.244179 0.00602768 -0.327116
0.347304 0.161789 0.150643
-0.306988 -0.121406 -0.237681
0.397348 0.0332198 0.0876809
-0.343616 -0.194081 -0.0777921
0.407884 -0.0170466 -0.00140471
-0.343056 -0.193942 0.0806362
0.396585 0.0377553 -0.0893643
-0.305482 -0.119914 0.240447
0.3452 0.167086 -0.150622
-0.24209 0.00457331 0.328688
0.265688 0.283037 -0.176302
-0.162192 0.00569467 0.374603
0.183175 0.400825 -0.124026
-0.107156 -0.317934 0.180769
0.151169 0.44856 0.0526951
-0.125467 -0.108109 -0.372013
0.225439 0.337061 0.16661
-0.204759 0.0358663 -0.351402
0.307157 0.224664 0.171477
-0.276983 -0.0499919 -0.295573
0.377437 0.0966743 0.124336
-0.328627 -0.169545 -0.163324
0.405594 -0.00369581 0.0462626
-0.348059 -0.200367 -0.00248468
0.405644 -0.00350436 -0.0458857
-0.328802 -0.171081 0.161084
0.377676 0.0971761 -0.123263
-0.277275 -0.0529405 0.294759
0.307526 0.225665 -0.16979
-0.205128 0.0325308 0.351501
0.225826 0.338124 -0.164657
-0.125748 -0.111317 0.370867
0.151366 0.448354 -0.0531002
-0.1071 -0.318256 -0.180054
0.182813 0.400047 0.12605
-0.16181 0.00909141 -0.374701
0.265305 0.281913 0.178146
-0.241763 0.007783 -0.328872
0.344878 0.166339 0.152069
-0.305238 -0.1151 -0.243361
0.396475 0.037404 0.0900572
-0.342962 -0.19319 -0.0831419
0.407877 -0.0170535 0.00166777
-0.343704 -0.194782 0.0752781
0.397484 0.0335677 -0.0870157
-0.30722 -0.123743 0.236018
0.347626 0.16252 -0.149218
-0.244513 0.00282851 0.326913
0.268419 0.279515 -0.176202
-0.16499 0.00933134 0.373306
0.185848 0.39695 -0.127489
-0.107615 -0.30717 0.203496
0.149817 0.450621 0.0465145
-0.123473 -0.12036 -0.368471
0.222657 0.341886 0.163846
-0.202049 0.0370009 -0.352853
0.304455 0.228607 0.172265
-0.274833 -0.0449555 -0.298411
0.375678 0.101215 0.126391
-0.327337 -0.167329 -0.168506
0.405243 -0.00200335 0.0492726
-0.348037 -0.200287 -0.00775245
0.405951 -0.00511715 -0.0428816
-0.330058 -0.173148 0.155844
0.379375 0.0926524 -0.121181
-0.279401 -0.0579232 0.291746
0.310231 0.221663 -0.168961
-0.207819 0.0313407 0.350021
0.228611 0.334925 -0.165139
-0.127858 -0.0990882 0.373967
0.152895 0.44601 -0.0592732
-0.106722 -0.326114 -0.160639
0.180159 0.403853 0.122562
-0.159011 0.00538083 -0.375968
0.26255 0.285418 0.178225
-0.239304 0.0128325 -0.330504
0.342402 0.170882 0.153471
-0.303461 -0.11105 -0.247644
0.395525 0.0408353 0.0927532
-0.342258 -0.192229 -0.0885296
0.407848 -0.0169559 0.00476103
-0.344311 -0.195562 0.0698949
0.398324 0.0303628 -0.0842639
-0.30894 -0.127486 0.231489
0.350032 0.157902 -0.147757
-0.246925 -0.00223572 0.325094
0.271168 0.275949 -0.176049
-0.167824 0.0128531 0.371936
0.188572 0.392964 -0.130913
-0.10816 -0.295197 0.225117
0.148616 0.452427 0.0403357
-0.121566 -0.136191 -0.362845
0.219825 0.345057 0.163293
-0.199302 0.0345752 -0.354651
0.30172 0.232541 0.173026
-0.272638 -0.0398435 -0.301165
0.373844 0.105828 0.128428
-0.325999 -0.16499 -0.17371
0.404882 0.000325057 0.0523114
-0.347973 -0.200147 -0.0130787
0.406232 -0.0066501 -0.0398325
-0.331287 -0.176633 0.148447
0.381039 0.0881221 -0.119013
-0.281534 -0.0629238 0.288577
0.312969 0.21758 -0.168054
-0.210531 0.0300443 0.348506
0.231451 0.33001 -0.16778
-0.130091 -0.0868812 0.376507
0.154593 0.443398 -0.0654303
-0.106409 -0.334457 -0.136162
0.177496 0.40758 0.119057
-0.156194 -0.00214579 -0.377181
0.259743 0.288934 0.178291
-0.236799 0.0146277 -0.332234
0.339832 0.173895 0.156316
-0.301623 -0.106834 -0.251914
0.394503 0.0444212 0.0954742
-0.341494 -0.191184 -0.0940067
0.407823 -0.0166697 0.00807733
-0.344882 -0.196288 0.0644362
0.399128 0.027222 -0.0814377
-0.31066 -0.131169 0.226819
0.352441 0.153198 -0.14621
-0.249377 -0.00414447 0.323202
0.273965 0.272315 -0.175824
-0.170721 0.0162248 0.370485
0.191371 0.388852 -0.134284
-0.108806 -0.284531 0.241895
0.147571 0.453976 0.0341658
-0.119728 -0.148248 -0.358025
0.21695 0.349862 0.160452
-0.196474 0.0356969 -0.356118
0.298926 0.23649 0.173777
-0.27039 -0.0376543 -0.303483
0.371915 0.110543 0.130471
-0.324591 -0.160706 -0.180856
0.404463 0.00229307 0.0553892
-0.347866 -0.199945 -0.0185092
0.406513 -0.00847614 -0.0366274
-0.332518 -0.178506 0.14296
0.382679 0.0835605 -0.116732
-0.283693 -0.0679733 0.285221
0.315763 0.213385 -0.167046
-0.213287 0.0286062 0.346943
0.234336 0.32669 -0.16813
-0.132464 -0.0747375 0.378492
0.15647 0.440511 -0.0715642
-0.106153 -0.341411 -0.110935
0.174832 0.412378 0.113119
-0.153325 -0.00593622 -0.378314
0.256889 0.294251 0.176282
-0.234209 0.0164895 -0.333981
0.337188 0.1785 0.157769
-0.299706 -0.10242 -0.256193
0.393395 0.0481887 0.0982411
-0.340662 -0.190045 -0.0996105
0.407756 -0.0163149 0.0112971
-0.345417 -0.196962 0.0588665
0.399901 0.0241331 -0.0785156
-0.312377 -0.137022 0.220432
0.354865 0.148384 -0.144558
-0.251856 -0.00941196 0.321156
0.276828 0.268593 -0.17551
-0.173696 0.019419 0.368947
0.194263 0.384604 -0.137593
-0.109576 -0.270578 0.261229
0.146714 0.455529 0.0255297
-0.117969 -0.163704 -0.350751
0.213974 0.353075 0.159862
-0.193551 0.0368536 -0.357599
0.296056 0.24047 0.17453
-0.26805 -0.0323185 -0.306182
0.369876 0.11538 0.132536
-0.323122 -0.158001 -0.186178
0.403994 0.00441035 0.0585408
-0.34771 -0.199677 -0.0240719
0.406755 -0.00982817 -0.0334038
-0.333741 -0.180321 0.13732
0.384298 0.0789593 -0.114323
-0.285886 -0.0730837 0.281656
0.318623 0.20906 -0.165923
-0.216097 0.0270057 0.345324
0.23731 0.321595 -0.170589
-0.134985 -0.0664884 0.379247
0.158535 0.43734 -0.0776696
-0.105958 -0.347758 -0.0804126
0.172132 0.415923 0.109592
-0.150414 -0.0135378 -0.379285
0.253928 0.297831 0.176335
-0.231526 0.0184306 -0.335748
0.334438 0.183159 0.159248
-0.297701 -0.0977942 -0.260484
0.392192 0.0521527 0.101061
-0.339754 -0.188804 -0.105356
0.407659 -0.0158342 0.0146025
-0.345914 -0.197586 0.0531724
0.400661 0.0203415 -0.0756931
-0.314121 -0.14057 0.215358
0.357305 0.143452 -0.14279
-0.254397 -0.0116069 0.31908
0.279766 0.264776 -0.1751
-0.176753 0.0224217 0.367325
0.197251 0.380218 -0.140831
-0.110486 -0.25566 0.279208
0.146042 0.456476 0.0193883
-0.116297 -0.178879 -0.342531
0.210942 0.357898 0.156964
-0.190543 0.0344508 -0.359444
0.293107 0.244482 0.175281
-0.265622 -0.0268451 -0.308827
0.367724 0.120335 0.134622
-0.321576 -0.155118 -0.191585
0.403493 0.0073047 0.0616979
-0.347501 -0.199341 -0.0297703
0.406971 -0.0110952 -0.0300928
-0.33495 -0.182073 0.131528
0.385889 0.0743314 -0.111784
-0.288109 -0.0782429 0.277874
0.321548 0.204602 -0.164686
-0.218959 0.0252433 0.343646
0.240346 0.318113 -0.170773
-0.137659 -0.0545765 0.380302
0.160784 0.433886 -0.0837441
-0.10582 -0.351547 -0.0540311
0.169443 0.420429 0.103625
-0.147467 -0.0211848 -0.380085
0.250885 0.301441 0.176385
-0.228743 0.0238146 -0.337315
0.331588 0.18786 0.160745
-0.295611 -0.092961 -0.264769
0.390915 0.057347 0.103387
-0.338769 -0.187453 -0.11123
0.407563 -0.0150401 0.0181403
-0.346368 -0.198154 0.0473672
0.401376 0.0174045 -0.0725451
-0.315867 -0.144058 0.210112
0.359749 0.138416 -0.140911
-0.25696 -0.0171184 0.31676
0.282768 0.260868 -0.174594
-0.179878 0.0252369 0.365627
0.200322 0.375703 -0.143997
-0.11155 -0.23987 0.295778
0.145613 0.457255 0.0107792
-0.114735 -0.197062 -0.33101
0.20784 0.362703 0.154024
-0.187448 0.0320255 -0.361284
0.290092 0.248515 0.176021
-0.263129 -0.0243711 -0.311169
0.365464 0.125387 0.136715
-0.319957 -0.152058 -0.19705
0.402926 0.00977496 0.0649596
-0.347234 -0.198934 -0.0355817
0.407186 -0.0125296 -0.0265858
-0.336133 -0.183754 0.125614
0.387439 0.0697098 -0.109133
-0.290346 -0.0834148 0.273892
0.324516 0.200024 -0.163345
-0.221855 0.0233425 0.341916
0.243431 0.314561 -0.170885
-0.140454 -0.0465995 0.380393
0.163184 0.43104 -0.0873361
-0.105745 -0.354089 -0.0225555
0.166781 0.424732 0.0976398
-0.144512 -0.0288969 -0.380699
0.247801 0.306818 0.174296
-0.225898 0.0258765 -0.339081
0.32866 0.192572 0.162239
-0.293448 -0.0879508 -0.269008
0.389525 0.0617039 0.106227
-0.337701 -0.184813 -0.11939
0.407415 -0.0142567 0.0215723
-0.346772 -0.198664 0.0414889
0.402048 0.0145593 -0.069329
-0.3176 -0.147458 0.204732
0.362174 0.133311 -0.138938
-0.259553 -0.0195527 0.314501
0.285813 0.256885 -0.174003
-0.183043 0.0278881 0.363865
0.20345 0.371079 -0.147091
-0.112773 -0.223298 0.310908
0.145432 0.457587 0.00217803
-0.113298 -0.211469 -0.320633
0.2047 0.367468 0.151032
-0.184291 0.0331688 -0.362802
0.287037 0.252543 0.176727
-0.26057 -0.018742 -0.313708
0.363116 0.130494 0.13879
-0.318269 -0.146803 -0.204221
0.402302 0.0123955 0.0682482
-0.346909 -0.198458 -0.04146
0.407355 -0.0135483 -0.0231545
-0.337275 -0.185352 0.119633
0.388955 0.0640762 -0.107004
-0.292572 -0.0885448 0.269743
0.327496 0.195357 -0.161924
-0.224756 0.0213473 0.340144
0.246567 0.309241 -0.173077
-0.143353 -0.0349425 0.380614
0.165736 0.427108 -0.0933578
-0.105731 -0.354603 0.00429055
0.16418 0.42788 0.0940809
-0.14159 -0.0367012 -0.381101
0.244675 0.310431 0.174284
-0.223007 0.0279218 -0.340833
0.325689 0.197255 0.163698
-0.291235 -0.0828141 -0.273151
0.38805 0.0661901 0.109044
-0.336583 -0.183195 -0.125358
0.40726 -0.0130907 0.0251572
-0.347121 -0.199109 0.035594
0.402692 0.0111718 -0.0661957
-0.319289 -0.152721 0.197526
0.364551 0.128185 -0.136902
-0.262117 -0.0251686 0.311951
0.288893 0.251113 -0.175232
-0.186207 0.0304144 0.36206
0.206598 0.366374 -0.150121
-0.114151 -0.206029 0.324589
0.145499 0.457519 -0.00393986
-0.112014 -0.228556 -0.306467
0.20156 0.372163 0.147979
-0.181126 0.0305933 -0.364612
0.283976 0.256538 0.177377
-0.25798 -0.0131033 -0.316124
0.360707 0.135602 0.140813
-0.316553 -0.143395 -0.209597
0.401651 0.0158602 0.071371
-0.346526 -0.197916 -0.0473452
0.407513 -0.0146351 -0.0195767
-0.33835 -0.187978 0.111427
0.390375 0.0596463 -0.104191
-0.29476 -0.093571 0.265478
0.330424 0.192239 -0.158909
-0.227627 0.0193131 0.338351
0.249669 0.305618 -0.173075
-0.146298 -0.0271935 0.380145
0.16838 0.422938 -0.0993565
-0.105783 -0.353266 0.035895
0.161711 0.431763 0.0880527
-0.138752 -0.0484353 -0.380779
0.241553 0.314006 0.174218
-0.220105 0.0298933 -0.342553
0.322712 0.201865 0.165089
-0.289 -0.0776126 -0.277147
0.386508 0.0707535 0.111794
-0.335418 -0.181488 -0.131284
0.407062 -0.0120199 0.0285762
-0.347411 -0.199487 0.0297442
0.403274 0.00862158 -0.0629333
-0.32094 -0.155794 0.192011
0.366848 0.123094 -0.134834
-0.264649 -0.0276429 0.309595
0.291925 0.247075 -0.174514
-0.18932 0.0292579 0.36053
0.209725 0.361616 -0.153095
-0.115667 -0.18814 0.336826
0.145844 0.457035 -0.0125458
-0.110887 -0.244918 -0.290846
0.198462 0.376761 0.144856
-0.177984 0.0278671 -0.366368
0.280945 0.260469 0.177949
-0.25541 -0.0106975 -0.318302
0.358268 0.140659 0.142752
-0.314815 -0.139887 -0.214858
0.400944 0.0187459 0.0745657
-0.346092 -0.197314 -0.0531774
0.407631 -0.0153557 -0.0161781
-0.339368 -0.189313 0.105493
0.391702 0.0553726 -0.101377
-0.296883 -0.0984374 0.261149
0.333313 0.187506 -0.157457
-0.230435 0.0172948 0.336554
0.252742 0.300259 -0.175156
-0.149253 -0.0195182 0.379479
0.171072 0.418556 -0.105336
-0.105897 -0.349842 0.0672224
0.159394 0.435376 0.0819943
-0.136023 -0.0564972 -0.380593
0.238501 0.31925 0.171914
-0.217226 0.031741 -0.344225
0.319769 0.206366 0.166385
-0.286769 -0.0724058 -0.280953
0.38492 0.0753429 0.114442
-0.334221 -0.179706 -0.137106
0.406834 -0.0108429 0.0319374
-0.347643 -0.199796 0.0239924
0.403799 0.0062298 -0.0597171
-0.322521 -0.158695 0.186539
0.369045 0.118085 -0.132764
-0.267102 -0.0331398 0.306919
0.294901 0.243048 -0.173777
-0.192375 0.0316875 0.358712
0.212797 0.356833 -0.156025
-0.117299 -0.17317 0.345626
0.146426 0.45611 -0.0211633
-0.109918 -0.260466 -0.273791
0.195439 0.381237 0.141658
-0.174898 0.0249598 -0.368054
0.277972 0.264317 0.178426
-0.252852 -0.00522493 -0.320469
0.355826 0.145625 0.144586
-0.313074 -0.136311 -0.219959
0.400199 0.0217088 0.0776754
-0.345612 -0.196656 -0.0589099
0.407717 -0.0159405 -0.0128489
-0.340308 -0.190542 0.0996774
0.39293 0.0512865 -0.0985954
-0.298925 -0.103106 0.256802
0.33611 0.182804 -0.156015
-0.233159 0.0153341 0.334768
0.25573 0.296666 -0.175112
-0.152183 -0.0118934 0.378635
0.17376 0.415085 -0.108871
-0.10607 -0.345315 0.0933966
0.157256 0.438706 0.0759042
-0.133442 -0.0685004 -0.379411
0.235495 0.322685 0.17169
-0.214392 0.0334324 -0.345843
0.316882 0.210738 0.167568
-0.284562 -0.0672383 -0.284547
0.383327 0.0810841 0.116224
-0.333007 -0.17786 -0.142785
0.406611 -0.00922171 0.035312
-0.347819 -0.200036 0.0183714
0.40429 0.00343455 -0.0566065
-0.324026 -0.161418 0.181147
0.371128 0.113188 -0.130712
-0.26947 -0.0385051 0.304184
0.297803 0.23905 -0.173036
-0.195334 0.0341104 0.356895
0.215791 0.35204 -0.158918
-0.119025 -0.157898 0.353473
0.147206 0.455042 -0.0273149
-0.109095 -0.275109 -0.25534
0.192508 0.385579 0.138388
-0.17189 0.0218592 -0.369661
0.275094 0.269848 0.176838
-0.250354 -0.00309509 -0.322458
0.353397 0.150476 0.146303
-0.311333 -0.130432 -0.226366
0.399444 0.0255363 0.0804389
-0.345092 -0.195948 -0.0645194
0.407801 -0.0164903 -0.00943547
-0.341172 -0.191665 0.0940027
0.394083 0.046438 -0.0963095
-0.300879 -0.107561 0.252465
0.338803 0.178156 -0.154599
-0.235788 0.0134513 0.333003
0.258632 0.293107 -0.175069
-0.155063 -0.00808329 0.377564
0.176453 0.4104 -0.114824
-0.106301 -0.339331 0.11905
0.155305 0.441753 0.0697839
-0.131011 -0.0806156 -0.377696
0.232585 0.327744 0.169187
-0.211612 0.0349579 -0.347405
0.314064 0.214976 0.168634
-0.282388 -0.0621319 -0.287928
0.381693 0.0856481 0.118576
-0.331782 -0.175956 -0.148306
0.406346 -0.00784119 0.0384898
-0.347945 -0.200211 0.0128881
0.404722 0.00139158 -0.0535123
-0.325444 -0.165717 0.173926
0.3731 0.108414 -0.128682
-0.271753 -0.0437298 0.301401
0.300626 0.235086 -0.172297
-0.198194 0.0329843 0.355417
0.218696 0.348849 -0.159506
-0.120828 -0.145956 0.358734
0.148189 0.453358 -0.0359605
-0.108402 -0.288753 -0.235556
0.189672 0.389783 0.135051
-0.168964 0.0185726 -0.371183
0.27227 0.273514 0.177106
-0.247884 0.00212326 -0.324361
0.350986 0.155212 0.147908
-0.309616 -0.12672 -0.231057
0.398647 0.0286395 0.0833179
-0.344535 -0.195189 -0.070009
0.407845 -0.0167914 -0.00626529
-0.341963 -0.192692 0.0884648
0.395132 0.0427674 -0.0935913
-0.30275 -0.111811 0.248144
0.341395 0.17356 -0.153206
-0.23832 0.00832955 0.331356
0.261455 0.289581 -0.175028
-0.157905 -0.000527478 0.376473
0.179114 0.406743 -0.118342
-0.106591 -0.331928 0.144042
0.153537 0.444521 0.0636376
-0.12872 -0.0890518 -0.376425
0.229726 0.331024 0.168802
-0.208881 0.0363307 -0.348917
0.311308 0.219095 0.169593
-0.280243 -0.0570838 -0.291113
0.380038 0.0901759 0.120807
-0.33054 -0.172447 -0.155716
0.406058 -0.00638615 0.0415883
-0.348025 -0.200323 0.00752342
0.405108 -0.000511419 -0.0504824
-0.326809 -0.16806 0.168669
0.37497 0.103752 -0.126667
-0.273979 -0.04584 0.299059
0.303382 0.231144 -0.171554
-0.200969 0.0318846 0.35395
0.221547 0.344069 -0.162341
-0.122712 -0.130259 0.364921
0.149324 0.451702 -0.0421377
-0.107819 -0.301308 -0.214519
0.18692 0.393857 0.131658
-0.166106 0.0151229 -0.372624
0.269503 0.277103 0.177295
-0.245465 0.00398716 -0.326185
0.348585 0.159852 0.149418
-0.307902 -0.12296 -0.235591
0.397816 0.0318009 0.0861128
-0.343944 -0.194379 -0.0754062
0.407865 -0.0169801 -0.00315717
-0.34269 -0.193633 0.0830343
0.396104 0.0392633 -0.090907
-0.304552 -0.115881 0.243821
0.343902 0.169002 -0.151823
-0.240798 0.00658713 0.329604
0.264218 0.286073 -0.17498
-0.160707 0.00321812 0.375272
0.181762 0.403011 -0.121846
-0.106942 -0.323154 0.168237
0.151943 0.447017 0.0574719
-0.126566 -0.101316 -0.373749
0.226929 0.335919 0.166129
-0.206193 0.0340756 -0.350737
0.308595 0.22312 0.170462
-0.278113 -0.0520692 -0.294129
0.378354 0.0946863 0.12294
-0.329296 -0.170361 -0.160958
0.405772 -0.00440719 0.0446776
-0.348063 -0.200375 0.00223774
0.405456 -0.0022934 -0.0474924
-0.32812 -0.170271 0.163456
0.376756 0.0991759 -0.124643
-0.276138 -0.0508737 0.296204
0.306095 0.227204 -0.170791
-0.203686 0.0307836 0.352486
0.224338 0.340904 -0.162885
-0.12467 -0.11808 0.368894
0.150613 0.44979 -0.0483201
-0.107329 -0.312691 -0.192325
0.184227 0.397814 0.128218
-0.163295 0.0115431 -0.37399
0.266766 0.280638 0.177422
-0.243052 0.00576323 -0.327962
0.346155 0.16291 0.152228
-0.306177 -0.119126 -0.240008
0.396945 0.0350397 0.0888513
-0.343313 -0.193512 -0.0807563
0.407887 -0.0170625 9.18537e-05
-0.343364 -0.194498 0.0776643
0.397012 0.0358946 -0.0882294
-0.306296 -0.122194 0.23811
0.346348 0.164451 -0.150428
-0.243229 0.0048523 0.327845
0.26695 0.282562 -0.174909
-0.163499 0.0069027 0.374013
0.18442 0.399193 -0.125327
-0.107361 -0.313065 0.191506
0.150508 0.449252 0.0512951
-0.124521 -0.113584 -0.370516
0.224137 0.339102 0.165627
-0.203497 0.0352305 -0.352198
0.305897 0.227085 0.171267
-0.275977 -0.0470489 -0.297013
0.376627 0.0992111 0.125006
-0.328026 -0.16819 -0.166143
0.405441 -0.00275727 0.0476804
-0.348062 -0.200369 -0.00302152
0.405795 -0.00441841 -0.0444676
-0.329392 -0.172375 0.158236
0.37848 0.0946485 -0.122582
-0.278269 -0.055858 0.293248
0.308794 0.223234 -0.169988
-0.20639 0.0331511 0.350706
0.227133 0.33608 -0.165631
-0.126722 -0.105859 0.372305
0.152057 0.447622 -0.0544996
-0.106914 -0.321115 -0.173339
0.181567 0.401671 0.124745
-0.160499 0.00786971 -0.375291
0.264027 0.284147 0.177509
-0.240615 0.0107979 -0.329624
0.343714 0.167443 0.15366
-0.304422 -0.115183 -0.244352
0.396023 0.0383838 0.0915669
-0.342636 -0.192579 -0.0861143
0.407874 -0.0170105 0.00316952
-0.343992 -0.195299 0.0722991
0.39787 0.0326286 -0.0855254
-0.308024 -0.12597 0.23363
0.34876 0.15987 -0.14899
-0.245638 -0.000185026 0.326076
0.269705 0.277264 -0.176805
-0.16631 0.0104919 0.372688
0.187113 0.395272 -0.128774
-0.107859 -0.301727 0.213731
0.149224 0.451231 0.0451154
-0.122572 -0.129476 -0.365283
0.221341 0.343913 0.162839
-0.20077 0.0363482 -0.353649
0.303183 0.231023 0.172033
-0.273808 -0.041977 -0.299797
0.374835 0.103788 0.127037
-0.326716 -0.16591 -0.171323
0.405078 -0.00100428 0.0506943
-0.348021 -0.200304 -0.00831117
0.406093 -0.00598251 -0.0414411
-0.330639 -0.174393 0.152955
0.380161 0.0901327 -0.120452
-0.280395 -0.0608381 0.290155
0.311488 0.220883 -0.167401
-0.209089 0.0319113 0.349215
0.229933 0.33286 -0.166086
-0.128887 -0.0936369 0.375152
0.153662 0.445191 -0.0606678
-0.106568 -0.330178 -0.149317
0.17891 0.405444 0.121249
-0.157699 0.00037133 -0.37656
0.261253 0.287654 0.177575
-0.238144 0.0125642 -0.331356
0.341209 0.171986 0.155079
-0.302605 -0.108602 -0.249884
0.395059 0.0428065 0.0938872
-0.341906 -0.191569 -0.0915354
0.407837 -0.0168524 0.00628355
-0.344582 -0.196042 0.066884
0.398686 0.0294375 -0.082762
-0.309743 -0.129673 0.229031
0.351163 0.155221 -0.147481
-0.248073 -0.00203438 0.324225
0.272475 0.27367 -0.176615
-0.16917 0.0139494 0.371286
0.189869 0.391234 -0.132176
-0.108449 -0.289217 0.2348
0.148111 0.453331 0.036463
-0.120696 -0.141591 -0.360775
0.218485 0.347089 0.162274
-0.197981 0.0374672 -0.355103
0.300422 0.234963 0.172781
-0.271599 -0.0398334 -0.302111
0.372958 0.108452 0.129062
-0.325352 -0.163495 -0.176546
0.404675 0.000870643 0.0537517
-0.347937 -0.200178 -0.0136831
0.406365 -0.00747041 -0.0383559
-0.331873 -0.176342 0.147563
0.381813 0.0855973 -0.118221
-0.282538 -0.0658523 0.286891
0.314252 0.216745 -0.166464
-0.21182 0.0305471 0.347684
0.232797 0.327904 -0.168687
-0.131184 -0.0814563 0.377441
0.155443 0.442489 -0.0668167
-0.106282 -0.337878 -0.124473
0.176258 0.410307 0.11532
-0.154856 -0.00340665 -0.377722
0.258416 0.291182 0.177634
-0.235599 0.0143819 -0.333099
0.338617 0.176567 0.156511
-0.300732 -0.104288 -0.254146
0.394001 0.0464838 0.0966167
-0.341111 -0.190471 -0.0970655
0.407798 -0.0164866 0.00963095
-0.345136 -0.196733 0.0613745
0.3995 0.0255023 -0.0801649
-0.311467 -0.133326 0.224273
0.353554 0.151925 -0.144593
-0.250529 -0.00723802 0.32225
0.275303 0.269998 -0.176345
-0.172102 0.0172427 0.369799
0.19271 0.387064 -0.13552
-0.10915 -0.278144 0.251083
0.147146 0.454733 0.0302986
-0.118896 -0.157147 -0.353904
0.215574 0.351895 0.159419
-0.19512 0.0350465 -0.356924
0.297594 0.238928 0.173525
-0.269303 -0.0345666 -0.304825
0.370979 0.11323 0.131102
-0.323909 -0.159096 -0.183705
0.404255 0.00345459 0.0568446
-0.347808 -0.19999 -0.0191758
0.406613 -0.00888471 -0.0351893
-0.333089 -0.179642 0.139917
0.383445 0.0810247 -0.115869
-0.284712 -0.0709233 0.283428
0.317078 0.212484 -0.16542
-0.214601 0.029029 0.3461
0.235719 0.324547 -0.168998
-0.133628 -0.0693562 0.37918
0.157408 0.439506 -0.0729399
-0.106055 -0.345134 -0.0943066
0.173568 0.413897 0.111797
-0.15197 -0.0109916 -0.378748
0.255495 0.294743 0.177695
-0.232957 0.0196225 -0.334685
0.335922 0.181202 0.157966
-0.298775 -0.0997666 -0.258421
0.392853 0.0503518 0.099397
-0.340245 -0.189273 -0.102732
0.407722 -0.0160631 0.0128891
-0.345654 -0.197372 0.0557449
0.400261 0.0224472 -0.0771846
-0.313202 -0.136938 0.219334
0.355989 0.147044 -0.142909
-0.253046 -0.00935481 0.320228
0.278202 0.266233 -0.175981
-0.175116 0.02035 0.368225
0.195647 0.382755 -0.138798
-0.109983 -0.263729 0.269792
0.146377 0.456095 0.0216689
-0.117176 -0.17244 -0.346096
0.212559 0.35512 0.15882
-0.192152 0.0362153 -0.358416
0.294687 0.242927 0.174271
-0.26692 -0.0291596 -0.307489
0.368887 0.118131 0.133164
-0.322405 -0.156297 -0.189061
0.403766 0.00565652 0.060025
-0.347628 -0.199735 -0.0248063
0.406866 -0.010539 -0.0318279
-0.334307 -0.181417 0.134199
0.385054 0.0764164 -0.113385
-0.286932 -0.0732508 0.280551
0.319972 0.208088 -0.16426
-0.217438 0.0273458 0.344459
0.238709 0.321108 -0.169231
-0.136219 -0.0611682 0.379758
0.15956 0.436239 -0.0790335
-0.105886 -0.349712 -0.0681461
0.170875 0.418478 0.105836
-0.149031 -0.0148193 -0.37978
0.252518 0.300105 0.175661
-0.230233 0.0216104 -0.336448
0.333122 0.185888 0.159445
-0.29673 -0.0950326 -0.262701
0.391605 0.0544175 0.102227
-0.339301 -0.187969 -0.108537
0.407615 -0.0155097 0.0162314
-0.346132 -0.197959 0.0499938
0.400987 0.0194508 -0.0741033
-0.314936 -0.142636 0.212597
0.358435 0.142049 -0.141112
-0.255591 -0.0148096 0.317984
0.281174 0.262373 -0.175519
-0.178208 0.0232654 0.36657
0.198676 0.378311 -0.142004
-0.110964 -0.248393 0.287118
0.14581 0.456885 0.0155342
-0.115551 -0.187433 -0.337333
0.209492 0.359941 0.155905
-0.189102 0.0338083 -0.360263
0.291705 0.246953 0.175012
-0.264466 -0.0267231 -0.309834
0.366683 0.123142 0.135244
-0.320824 -0.153319 -0.194493
0.403219 0.00802014 0.0632747
-0.347392 -0.199411 -0.030566
0.407073 -0.0117504 -0.0284766
-0.335506 -0.183126 0.128339
0.386631 0.0717948 -0.110777
-0.289164 -0.0784527 0.27672
0.322921 0.203562 -0.16299
-0.220319 0.0255086 0.342761
0.241793 0.315887 -0.171553
-0.138956 -0.0493168 0.380586
0.16189 0.43269 -0.0850962
-0.105778 -0.353196 -0.0368292
0.168182 0.421858 0.102298
-0.146076 -0.0224893 -0.380543
0.249445 0.303724 0.175701
-0.227423 0.0236537 -0.338221
0.330231 0.190604 0.160934
-0.294604 -0.0901029 -0.266959
0.390259 0.0586688 0.105089
-0.338281 -0.186557 -0.114455
0.407503 -0.0146242 0.0197926
-0.346563 -0.198489 0.0441468
0.401701 0.0158221 -0.0710972
-0.31668 -0.146076 0.207273
0.360875 0.136962 -0.13921
-0.258179 -0.0171969 0.31577
0.284202 0.258429 -0.174965
-0.181356 0.0260022 0.364843
0.201779 0.373746 -0.145137
-0.112103 -0.232228 0.303019
0.145495 0.457462 0.00692956
-0.114046 -0.205353 -0.325142
0.206369 0.364734 0.152944
-0.185977 0.0313624 -0.3621
0.288668 0.25099 0.175732
-0.261934 -0.0211184 -0.312416
0.364378 0.128233 0.13732
-0.319176 -0.150171 -0.199961
0.402646 0.0112061 0.0664625
-0.347097 -0.199019 -0.0364202
0.407273 -0.0131051 -0.0249369
-0.336673 -0.184758 0.122382
0.388157 0.0672013 -0.10807
-0.291387 -0.0863673 0.27178
0.325901 0.198928 -0.161626
-0.223221 0.0235513 0.341015
0.244897 0.312309 -0.171631
-0.141803 -0.0414008 0.380521
0.164374 0.428871 -0.0911298
-0.105731 -0.354517 -0.0100316
0.165552 0.426094 0.0963062
-0.143139 -0.0340472 -0.380779
0.246322 0.307346 0.175718
-0.224551 0.0257089 -0.33999
0.327277 0.195314 0.162406
-0.292415 -0.0850178 -0.271148
0.388848 0.0641498 0.107353
-0.337193 -0.185039 -0.120435
0.407344 -0.0137667 0.0232355
-0.346942 -0.198957 0.0382517
0.402356 0.0130402 -0.0678526
-0.318401 -0.149412 0.20184
0.363282 0.131827 -0.137229
-0.260755 -0.0228083 0.313276
0.287257 0.254423 -0.174334
-0.184526 0.0285918 0.363062
0.204921 0.369085 -0.148202
-0.1134 -0.21532 0.317472
0.145437 0.457588 -0.0016701
-0.112677 -0.219529 -0.314204
0.203224 0.369475 0.149926
-0.182806 0.0324719 -0.363613
0.285608 0.255009 0.176409
-0.259355 -0.0154722 -0.314889
0.361998 0.133354 0.139362
-0.317466 -0.14481 -0.20708
0.402002 0.0139014 0.0697414
-0.346744 -0.198559 -0.0423149
0.407432 -0.0140535 -0.0214978
-0.33779 -0.186299 0.116388
0.389614 0.0626883 -0.105299
-0.293599 -0.0914479 0.267558
0.328873 0.194224 -0.160199
-0.226112 0.0215248 0.339238
0.248029 0.306968 -0.173788
-0.144723 -0.0335992 0.380218
0.166973 0.4248 -0.0971378
-0.105748 -0.354131 0.0216187
0.163014 0.430091 0.0902904
-0.140248 -0.0419055 -0.38104
0.243217 0.31269 0.173546
-0.221651 0.0277208 -0.341735
0.324297 0.199972 0.163828
-0.290188 -0.0798349 -0.275216
0.387342 0.0686882 0.11013
-0.336039 -0.18215 -0.128572
0.407173 -0.0125142 0.0268062
-0.347263 -0.19936 0.0323693
0.402957 0.0103895 -0.0645966
-0.320078 -0.152613 0.196358
0.365625 0.126697 -0.135199
-0.263314 -0.0252962 0.310937
0.290305 0.250384 -0.173649
-0.187677 0.0310778 0.361245
0.208065 0.364355 -0.151206
-0.114845 -0.197753 0.330478
0.145627 0.457353 -0.00779002
-0.111466 -0.236288 -0.299357
0.200099 0.374132 0.146843
-0.179647 0.029833 -0.365403
0.282558 0.258979 0.177018
-0.256779 -0.0130168 -0.317112
0.35957 0.138451 0.141337
-0.315738 -0.14134 -0.2124
0.401308 0.0167142 0.0729877
-0.346336 -0.198035 -0.0481884
0.407557 -0.0148694 -0.0180787
-0.338844 -0.187739 0.110427
0.391013 0.0572799 -0.103051
-0.29576 -0.0963968 0.263245
0.3318 0.189492 -0.15874
-0.228956 0.0194858 0.337447
0.251116 0.303344 -0.173769
-0.147684 -0.0220866 0.379949
0.169642 0.420504 -0.103125
-0.105828 -0.352157 0.0483446
0.160611 0.433826 0.0842464
-0.137459 -0.0537008 -0.380506
0.240114 0.316239 0.173445
-0.218756 0.029634 -0.34344
0.321332 0.204539 0.165169
-0.287952 -0.0746163 -0.279115
0.385779 0.0732787 0.112823
-0.334858 -0.180395 -0.134451
0.406966 -0.0113804 0.0301981
-0.347526 -0.199694 0.0265589
0.403532 0.00727653 -0.0614436
-0.321687 -0.157551 0.189078
0.367878 0.121626 -0.133153
-0.265807 -0.0308456 0.308287
0.293313 0.246344 -0.172934
-0.19076 0.0299104 0.359718
0.21117 0.359587 -0.15416
-0.116416 -0.183009 0.339904
0.146087 0.456667 -0.0164009
-0.110414 -0.252281 -0.283063
0.197033 0.378679 0.143686
-0.176528 0.0270271 -0.367132
0.279554 0.262875 0.17754
-0.254204 -0.0074854 -0.319353
0.357126 0.143476 0.143217
-0.313998 -0.137787 -0.217582
0.400605 0.0203785 0.0759683
-0.345879 -0.197453 -0.0539852
0.407682 -0.0156948 -0.0145558
-0.339815 -0.190106 0.102303
0.392297 0.0531007 -0.100237
-0.297848 -0.101165 0.258892
0.334647 0.184775 -0.157281
-0.231725 0.0174845 0.33566
0.254139 0.299736 -0.173736
-0.150624 -0.0182311 0.379
0.17233 0.417086 -0.106663
-0.10597 -0.347912 0.0794949
0.158376 0.437283 0.0781713
-0.134796 -0.0618287 -0.380152
0.23709 0.32144 0.171093
-0.215896 0.0314057 -0.345093
0.318412 0.208985 0.166405
-0.28573 -0.0694163 -0.282812
0.384177 0.077874 0.115401
-0.333652 -0.17857 -0.140204
0.40673 -0.0101477 0.033519
-0.347732 -0.199959 0.0208651
0.404035 0.00497164 -0.0582502
-0.323234 -0.160358 0.183633
0.370022 0.116653 -0.131115
-0.268219 -0.0362781 0.30557
0.296254 0.242324 -0.172207
-0.193773 0.0323367 0.357903
0.214209 0.354801 -0.157074
-0.118094 -0.167939 0.348366
0.146772 0.455546 -0.0250249
-0.109515 -0.267419 -0.26535
0.194051 0.383098 0.140456
-0.173478 0.0240317 -0.368786
0.276616 0.26668 0.177965
-0.251681 -0.00527664 -0.321395
0.354666 0.146939 0.146243
-0.312261 -0.134177 -0.222589
0.399849 0.0233809 0.0790221
-0.345369 -0.196208 -0.0620201
0.407758 -0.0162068 -0.011263
-0.340719 -0.191273 0.0965485
0.393482 0.0491167 -0.0974646
-0.299849 -0.105725 0.254537
0.337394 0.180102 -0.15584
-0.234392 0.0122137 0.334027
0.257103 0.29441 -0.175783
-0.153538 -0.0106196 0.378125
0.17503 0.412468 -0.112622
-0.106171 -0.342701 0.105444
0.156325 0.440456 0.0720651
-0.132285 -0.0738886 -0.378733
0.234121 0.324837 0.170828
-0.213088 0.0330138 -0.346689
0.315557 0.213298 0.167524
-0.283538 -0.0642693 -0.286294
0.382551 0.0824424 0.117849
-0.332433 -0.176686 -0.145804
0.406494 -0.00846189 0.0368401
-0.347884 -0.200157 0.0153088
0.404485 0.00282694 -0.0551304
-0.324703 -0.162988 0.178276
0.372053 0.1118 -0.129098
-0.270559 -0.0385416 0.303218
0.299118 0.238337 -0.171481
-0.196678 0.0312012 0.35641
0.217147 0.351598 -0.157675
-0.11986 -0.152578 0.355882
0.147645 0.454327 -0.0311836
-0.108755 -0.281607 -0.246268
0.191166 0.387379 0.137155
-0.170509 0.0208442 -0.370357
0.273752 0.270391 0.178293
-0.249189 5.68298e-06 -0.323368
0.352249 0.151724 0.147929
-0.310524 -0.128244 -0.228873
0.399061 0.0264371 0.0819729
-0.344832 -0.195465 -0.0675694
0.407828 -0.0166722 -0.00788486
-0.341548 -0.192339 0.0909372
0.394572 0.0453292 -0.0947438
-0.301764 -0.110074 0.250197
0.340037 0.175484 -0.154426
-0.236983 0.0103792 0.332259
0.25997 0.290868 -0.175737
-0.156403 -0.00304526 0.377088
0.1777 0.408854 -0.116145
-0.10643 -0.336049 0.130805
0.154461 0.443347 0.0659306
-0.129923 -0.0860474 -0.376773
0.231242 0.32985 0.16828
-0.210333 0.0344598 -0.348231
0.312748 0.215787 0.170227
-0.281378 -0.0591855 -0.289568
0.380906 0.0869729 0.120167
-0.331205 -0.174745 -0.151249
0.406222 -0.00703588 0.0399737
-0.347987 -0.200291 0.00988445
0.404911 0.000310489 -0.0520876
-0.3261 -0.165453 0.173008
0.373975 0.107068 -0.127102
-0.272809 -0.0437263 0.300455
0.301908 0.234381 -0.170755
-0.199506 0.0336475 0.354623
0.220037 0.34683 -0.160532
-0.121703 -0.136967 0.362467
0.148691 0.452844 -0.0373563
-0.108116 -0.294754 -0.225888
0.188371 0.391525 0.133791
-0.167617 0.0174796 -0.371845
0.270954 0.274017 0.178533
-0.246753 0.00192798 -0.325231
0.349848 0.156401 0.149509
-0.30881 -0.124502 -0.233477
0.398265 0.0303938 0.0845385
-0.344259 -0.194672 -0.0730088
0.407864 -0.0169092 -0.00474601
-0.342308 -0.193313 0.0854518
0.395578 0.0417222 -0.0920662
-0.303601 -0.114226 0.245868
0.342585 0.170914 -0.15303
-0.239492 0.00860939 0.330508
0.262764 0.287353 -0.175689
-0.15922 0.000722795 0.375918
0.180352 0.405167 -0.119658
-0.106748 -0.328 0.155442
0.152776 0.445962 0.0597731
-0.127696 -0.0945213 -0.375316
0.228411 0.333099 0.167861
-0.20762 0.0357657 -0.349728
0.310017 0.219852 0.171156
-0.279242 -0.0541511 -0.292659
0.379238 0.0914746 0.122373
-0.329967 -0.17274 -0.156566
0.405926 -0.0055352 0.0430375
-0.348047 -0.200364 0.00456247
0.405282 -0.00152335 -0.0490739
-0.327426 -0.169441 0.165831
0.375804 0.102437 -0.12511
-0.274994 -0.0487988 0.297631
0.304642 0.230438 -0.170019
-0.202252 0.0325466 0.353162
0.222862 0.342044 -0.163348
-0.123618 -0.124828 0.366751
0.149912 0.450658 -0.0460138
-0.107579 -0.306772 -0.204298
0.18565 0.395547 0.130376
-0.164784 0.0139664 -0.373254
0.268202 0.277576 0.178701
-0.244325 0.00700897 -0.326982
0.347449 0.160996 0.151004
-0.307094 -0.120702 -0.237942
0.397419 0.0335976 0.0872931
-0.34365 -0.193825 -0.0783752
0.407877 -0.0170373 -0.00165684
-0.343009 -0.194207 0.0800538
0.396541 0.0373719 -0.089774
-0.305378 -0.118215 0.241526
0.345058 0.166368 -0.151635
-0.241942 0.00687051 0.328761
0.26551 0.283847 -0.175627
-0.162013 0.00444539 0.374696
0.183001 0.401401 -0.123154
-0.10713 -0.318605 0.17922
0.151258 0.448311 0.0536002
-0.125595 -0.106795 -0.37239
0.225606 0.336301 0.167389
-0.204924 0.036968 -0.351193
0.307318 0.223839 0.172007
-0.277111 -0.0491335 -0.295598
0.377536 0.0959732 0.124495
-0.328702 -0.169031 -0.163784
0.405604 -0.00395341 0.0460597
-0.348067 -0.200378 -0.00070387
0.405618 -0.00324543 -0.0460859
-0.328718 -0.171588 0.160616
0.377559 0.0978745 -0.123097
-0.277135 -0.0537978 0.294722
0.307346 0.226483 -0.169254
-0.204954 0.0314273 0.351698
0.225645 0.338874 -0.163876
-0.125618 -0.112627 0.370471
0.151274 0.448602 -0.0521951
-0.107126 -0.317582 -0.1816
0.182976 0.39946 0.12692
-0.161984 0.01034 -0.374593
0.265488 0.282873 0.176792
-0.241913 0.00877257 -0.328734
0.345028 0.165543 0.152443
-0.305358 -0.116813 -0.242309
0.396529 0.0368909 0.0900064
-0.342999 -0.192918 -0.0837194
0.407868 -0.0170609 0.0014155
-0.343661 -0.19503 0.0746908
0.397427 0.0340641 -0.087078
-0.307104 -0.124443 0.235746
0.347462 0.163308 -0.148852
-0.244356 0.00184638 0.327034
0.268239 0.280327 -0.175535
-0.164809 0.00809159 0.373413
0.185671 0.397542 -0.126622
-0.107584 -0.307924 0.202017
0.149896 0.4504 0.0474201
-0.1236 -0.122736 -0.36755
0.22283 0.341137 0.164632
-0.202227 0.0345816 -0.352991
0.304618 0.227782 0.172805
-0.274975 -0.047071 -0.297943
0.375781 0.100504 0.126565
-0.327416 -0.166802 -0.168954
0.405281 -0.00178666 0.049095
-0.348047 -0.200334 -0.00597028
0.405923 -0.00487369 -0.0430889
-0.329977 -0.173639 0.155368
0.379261 0.0933432 -0.121032
-0.27926 -0.0587688 0.291695
0.310052 0.222482 -0.168438
-0.207644 0.0302474 0.350215
0.228444 0.334025 -0.166591
-0.12772 -0.100402 0.373629
0.152793 0.446287 -0.0583694
-0.106744 -0.325511 -0.162237
0.18032 0.403281 0.123436
-0.159193 0.00287757 -0.37592
0.262738 0.286378 0.176862
-0.239468 0.0105215 -0.330472
0.342558 0.170081 0.153855
-0.303583 -0.112799 -0.246624
0.395581 0.0403045 0.0927124
-0.342298 -0.191939 -0.0890978
0.407865 -0.0169344 0.00467913
-0.344271 -0.195792 0.0693065
0.398267 0.0308453 -0.08434
-0.308826 -0.128172 0.231207
0.349871 0.158689 -0.147405
-0.246779 4.49742e-05 0.325218
0.270985 0.276764 -0.175391
-0.167649 0.0153453 0.371924
0.188391 0.393573 -0.13005
-0.108123 -0.296029 0.223715
0.148684 0.452235 0.0412413
-0.121684 -0.134899 -0.363353
0.219996 0.344309 0.164084
-0.199477 0.0356909 -0.354446
0.301886 0.231713 0.173574
-0.272787 -0.0419817 -0.300735
0.373952 0.105104 0.128614
-0.326083 -0.164451 -0.174143
0.404903 3.11218e-05 0.0521196
-0.347986 -0.20023 -0.0112924
0.406228 -0.00682176 -0.0399822
-0.331217 -0.175613 0.150035
0.380926 0.088807 -0.118883
-0.281404 -0.0608661 0.289177
0.312788 0.218402 -0.167543
-0.210364 0.0324494 0.348401
0.231267 0.330777 -0.167016
-0.129945 -0.0881963 0.376224
0.154479 0.443706 -0.0645283
-0.106426 -0.333945 -0.137815
0.177676 0.40821 0.117519
-0.156372 -0.000883939 -0.377112
0.25994 0.289893 0.176918
-0.236953 0.0156234 -0.332075
0.340013 0.174643 0.155268
-0.301747 -0.10862 -0.250924
0.394561 0.0438707 0.095442
-0.341539 -0.190879 -0.0945623
0.407821 -0.0167143 0.00781999
-0.344844 -0.196499 0.0638498
0.39907 0.0276915 -0.0815292
-0.310547 -0.13184 0.226528
0.35228 0.153987 -0.145876
-0.249216 -0.00510125 0.323309
0.273777 0.273134 -0.175177
-0.170541 0.0187168 0.370454
0.191184 0.389479 -0.133428
-0.108761 -0.285423 0.240561
0.147627 0.453813 0.035071
-0.119841 -0.146971 -0.358591
0.217129 0.349122 0.161249
-0.196652 0.0368157 -0.355908
0.299097 0.235658 0.174333
-0.270532 -0.0367802 -0.303465
0.372029 0.109806 0.130669
-0.324689 -0.161955 -0.179394
0.404483 0.00197996 0.0551998
-0.347882 -0.200065 -0.0167168
0.406493 -0.00826495 -0.036856
-0.332447 -0.177523 0.144574
0.382566 0.0842401 -0.116623
-0.283562 -0.0659319 0.285869
0.315578 0.214212 -0.16655
-0.213118 0.0310107 0.346851
0.234142 0.327463 -0.167374
-0.13231 -0.0760503 0.378264
0.156345 0.440849 -0.0706646
-0.106168 -0.340992 -0.112633
0.174999 0.411843 0.113999
-0.153504 -0.00467013 -0.378258
0.257068 0.293436 0.176973
-0.234372 0.0174862 -0.333815
0.337372 0.179254 0.1567
-0.299822 -0.101687 -0.25637
0.393456 0.0476169 0.0982171
-0.340712 -0.189724 -0.100151
0.407751 -0.0163779 0.0110358
-0.345381 -0.197155 0.058284
0.399863 0.0238023 -0.0788595
-0.312277 -0.135464 0.221678
0.354704 0.149174 -0.144241
-0.251707 -0.00714028 0.321339
0.276634 0.269417 -0.174875
-0.173511 0.0219116 0.3689
0.194087 0.383869 -0.13911
-0.109523 -0.271537 0.259983
0.146762 0.455405 0.0264343
-0.118077 -0.162448 -0.351392
0.214179 0.35393 0.158379
-0.193745 0.0343994 -0.357734
0.296232 0.239633 0.175092
-0.268195 -0.0314426 -0.306145
0.369998 0.114627 0.132745
-0.323221 -0.159293 -0.184731
0.404036 0.00466022 0.0583099
-0.347729 -0.199835 -0.0222728
0.406733 -0.00963275 -0.0336427
-0.333658 -0.180754 0.136834
0.384185 0.0796333 -0.114234
-0.285754 -0.0710598 0.282352
0.318436 0.209892 -0.165444
-0.215926 0.02941 0.345245
0.237118 0.322382 -0.169844
-0.134819 -0.0677945 0.379058
0.158398 0.437709 -0.0767727
-0.105969 -0.347454 -0.0821526
0.172296 0.415402 0.110474
-0.150598 -0.0122671 -0.379255
0.25411 0.297013 0.17703
-0.231697 0.0194283 -0.335574
0.334625 0.183919 0.158158
-0.297824 -0.0970571 -0.260639
0.392286 0.0525669 0.100552
-0.33981 -0.188466 -0.105881
0.407681 -0.0157723 0.0144983
-0.345881 -0.197759 0.0525943
0.400612 0.0207831 -0.0758212
-0.314017 -0.139045 0.216643
0.357145 0.144244 -0.142493
-0.254231 -0.0125312 0.319173
0.279589 0.26385 -0.176423
-0.176563 0.0249146 0.367263
0.197069 0.379468 -0.142346
-0.110424 -0.256681 0.278053
0.146073 0.456383 0.0202921
-0.116399 -0.177649 -0.34325
0.211145 0.358733 0.155473
-0.190733 0.0355776 -0.359236
0.293287 0.243641 0.175851
-0.265784 -0.0290533 -0.308488
0.367853 0.119569 0.134842
-0.32167 -0.154543 -0.191953
0.403524 0.00694843 0.0615171
-0.347523 -0.199537 -0.0279657
0.406971 -0.0112195 -0.0302293
-0.334869 -0.182487 0.131041
0.385801 0.0738771 -0.112406
-0.287975 -0.0762394 0.278619
0.321357 0.205437 -0.164222
-0.218786 0.0276463 0.343582
0.240144 0.318905 -0.170037
-0.137485 -0.0558762 0.380165
0.160636 0.434285 -0.0828501
-0.105827 -0.351341 -0.0557963
0.16961 0.419933 0.10451
-0.147652 -0.0199092 -0.380083
0.25109 0.302382 0.17498
-0.228929 0.0214404 -0.33735
0.331759 0.187024 0.16116
-0.29574 -0.0922193 -0.264902
0.390995 0.0567319 0.103388
-0.338831 -0.187099 -0.11174
0.407564 -0.0151448 0.0178739
-0.346338 -0.198308 0.046792
0.401326 0.0178306 -0.072688
-0.315751 -0.144675 0.209791
0.35959 0.139207 -0.140632
-0.256806 -0.0148586 0.317008
0.282592 0.25995 -0.175911
-0.179676 0.024072 0.365801
0.200136 0.374938 -0.145508
-0.111478 -0.240946 0.294718
0.14563 0.457203 0.0116824
-0.11483 -0.195868 -0.331823
0.20803 0.361981 0.154838
-0.187644 0.0331597 -0.361083
0.290275 0.247671 0.176599
-0.263286 -0.0234881 -0.311104
0.3656 0.124609 0.136949
-0.320058 -0.151473 -0.1974
0.402956 0.00939782 0.0647841
-0.34726 -0.199169 -0.0337744
0.407169 -0.0123716 -0.0268435
-0.336056 -0.18415 0.125124
0.387359 0.0692715 -0.109734
-0.290212 -0.0814358 0.274685
0.324324 0.200861 -0.162896
-0.221681 0.0257417 0.341866
0.24325 0.313645 -0.172314
-0.140279 -0.0440856 0.380773
0.163041 0.430584 -0.0888969
-0.105748 -0.354001 -0.0243376
0.166947 0.424263 0.0985268
-0.144696 -0.0276151 -0.380726
0.247994 0.306005 0.175007
-0.226085 0.0234897 -0.33913
0.328836 0.191732 0.162664
-0.293582 -0.0872022 -0.269122
0.389608 0.0610696 0.106241
-0.337778 -0.185625 -0.117691
0.407436 -0.0141677 0.0214509
-0.346746 -0.198798 0.0409141
0.401996 0.0149681 -0.0694844
-0.317488 -0.14806 0.204401
0.362018 0.134098 -0.138677
-0.259385 -0.0204489 0.314578
0.285638 0.255976 -0.175312
-0.182839 0.0267373 0.36405
0.203262 0.370297 -0.148598
-0.112691 -0.224424 0.309944
0.145435 0.457575 0.0030809
-0.113387 -0.21351 -0.318958
0.204892 0.366758 0.151853
-0.184497 0.0306836 -0.362912
0.28722 0.251698 0.177315
-0.260726 -0.0178515 -0.313626
0.363257 0.129706 0.139038
-0.318384 -0.14824 -0.202858
0.402354 0.0126787 0.0679587
-0.346938 -0.198733 -0.039654
0.407335 -0.0134095 -0.0234169
-0.337202 -0.185729 0.119137
0.388859 0.0647181 -0.106979
-0.292439 -0.0865951 0.270581
0.327305 0.196194 -0.161489
-0.224582 0.0237391 0.34011
0.246364 0.310047 -0.172361
-0.143167 -0.0362271 0.380559
0.165583 0.42662 -0.0949157
-0.10573 -0.354616 0.00250474
0.164352 0.428366 0.092522
-0.14177 -0.0354118 -0.38116
0.244864 0.30962 0.175001
-0.223195 0.025526 -0.340896
0.325866 0.196414 0.164136
-0.291372 -0.0820553 -0.273249
0.388134 0.0655397 0.109073
-0.336662 -0.184049 -0.123672
0.407267 -0.0132377 0.0248956
-0.347098 -0.199224 0.0350159
0.402651 0.0115598 -0.0663645
-0.319192 -0.151326 0.198928
0.364399 0.128966 -0.136656
-0.261963 -0.0229341 0.312263
0.288697 0.251953 -0.174646
-0.186006 0.029275 0.362253
0.206392 0.367079 -0.149301
-0.11406 -0.207199 0.323721
0.1455 0.457496 -0.00551884
-0.11209 -0.22744 -0.307457
0.201752 0.371467 0.148807
-0.181322 0.0317488 -0.364417
0.284157 0.255693 0.177975
-0.258152 -0.0153617 -0.315888
0.360851 0.134809 0.141078
-0.316655 -0.14278 -0.209911
0.401691 0.0154432 0.0712185
-0.346559 -0.198231 -0.045545
0.407502 -0.0145188 -0.0198423
-0.338292 -0.187212 0.113146
0.390281 0.0602703 -0.10418
-0.294629 -0.0916551 0.266358
0.33026 0.191476 -0.160033
-0.227454 0.0216938 0.33833
0.249464 0.306424 -0.172366
-0.14611 -0.0284716 0.380121
0.168207 0.423414 -0.0984702
-0.105778 -0.353397 0.0341177
0.161857 0.431342 0.0889448
-0.138927 -0.0471383 -0.380886
0.241764 0.314937 0.17279
-0.220282 0.0309172 -0.342347
0.32289 0.201025 0.165542
-0.289138 -0.0768401 -0.277231
0.38662 0.0712058 0.111185
-0.335497 -0.182383 -0.129617
0.407065 -0.0121856 0.0283208
-0.347392 -0.199583 0.0291594
0.403232 0.00898902 -0.0631086
-0.320843 -0.154443 0.193437
0.366702 0.123864 -0.134602
-0.264489 -0.0285235 0.309648
0.291731 0.247912 -0.173937
-0.189134 0.031731 0.360429
0.209523 0.362332 -0.152282
-0.115568 -0.189349 0.336053
0.145811 0.457095 -0.0116423
-0.110953 -0.243853 -0.291932
0.198651 0.37608 0.145692
-0.178177 0.029038 -0.366184
0.281148 0.261404 0.176632
-0.255567 -0.00978147 -0.318202
0.358413 0.139865 0.143036
-0.31492 -0.139257 -0.215163
0.400982 0.0183125 0.0744269
-0.346128 -0.197668 -0.051387
0.407617 -0.0152593 -0.0164426
-0.339312 -0.18859 0.107218
0.391611 0.0559763 -0.101378
-0.296744 -0.0991743 0.260992
0.333151 0.186752 -0.158561
-0.230254 0.0162948 0.336722
0.252548 0.301071 -0.174455
-0.149065 -0.0207911 0.379483
0.170899 0.419057 -0.104452
-0.105888 -0.35009 0.0654673
0.15953 0.434984 0.0828893
-0.13619 -0.0551915 -0.380735
0.238687 0.318454 0.172651
-0.217412 0.0293378 -0.344318
0.319944 0.205529 0.166853
-0.286906 -0.071617 -0.281026
0.385039 0.0758124 0.113814
-0.334292 -0.179275 -0.137585
0.406865 -0.0107086 0.0318003
-0.347628 -0.199873 0.0233985
0.403777 0.00597694 -0.059959
-0.322418 -0.159259 0.186151
0.368905 0.118841 -0.132545
-0.266944 -0.0340171 0.306952
0.29471 0.243882 -0.173208
-0.192181 0.0305609 0.358908
0.212601 0.357557 -0.155218
-0.117192 -0.174407 0.344932
0.146381 0.45621 -0.0202591
-0.109974 -0.259459 -0.274971
0.195622 0.380573 0.142502
-0.175088 0.0261472 -0.367883
0.278174 0.26526 0.177103
-0.253021 -0.00749671 -0.320297
0.355972 0.144831 0.144888
-0.313181 -0.135664 -0.220257
0.400258 0.0220353 0.0773403
-0.34565 -0.197048 -0.0571321
0.407725 -0.0159941 -0.0129487
-0.340256 -0.18986 0.101404
0.392869 0.0508799 -0.099093
-0.298793 -0.103838 0.256623
0.335952 0.182057 -0.157099
-0.232985 0.0143356 0.33493
0.255538 0.297476 -0.174416
-0.151998 -0.0131619 0.378666
0.1736 0.414509 -0.110417
-0.106057 -0.345661 0.0916709
0.15738 0.438345 0.0768021
-0.1336 -0.0671886 -0.379606
0.235693 0.323609 0.170251
-0.214575 0.0310287 -0.34595
0.317054 0.209905 0.168052
-0.284697 -0.0664318 -0.284611
0.383426 0.0804063 0.116319
-0.33308 -0.17741 -0.143263
0.406621 -0.00942359 0.035077
-0.347808 -0.200096 0.0177676
0.404259 0.00375845 -0.056792
-0.323929 -0.161971 0.180738
0.370996 0.11393 -0.130504
-0.26933 -0.0363364 0.304591
0.297616 0.239879 -0.172474
-0.19515 0.0329886 0.357097
0.215603 0.352772 -0.158117
-0.118914 -0.159159 0.352855
0.14716 0.454896 -0.0288897
-0.109143 -0.274165 -0.256611
0.192685 0.384932 0.139239
-0.172075 0.0230631 -0.369502
0.275272 0.269022 0.177476
-0.250506 -0.00214673 -0.322344
0.353543 0.149684 0.146624
-0.31145 -0.132024 -0.225169
0.39949 0.0250738 0.0803362
-0.345132 -0.196376 -0.0627554
0.407793 -0.016435 -0.00969395
-0.341123 -0.191025 0.0957296
0.394011 0.0469981 -0.0963333
-0.300753 -0.10829 0.252264
0.338649 0.177414 -0.155661
-0.235622 0.0124536 0.333157
0.258443 0.293915 -0.174378
-0.154888 -0.00557128 0.377684
0.176282 0.410938 -0.113945
-0.106285 -0.339773 0.117363
0.155417 0.441422 0.0706843
-0.13116 -0.0793 -0.377945
0.232763 0.326968 0.169946
-0.211793 0.0325541 -0.347525
0.314233 0.214148 0.169134
-0.282519 -0.061308 -0.287982
0.381792 0.0849649 0.118692
-0.331857 -0.175488 -0.148783
0.406353 -0.0080585 0.0382649
-0.347937 -0.200253 0.0122749
0.40469 0.00169572 -0.0537
-0.325364 -0.164511 0.175418
0.372975 0.109142 -0.128485
-0.271621 -0.0415864 0.301845
0.300444 0.23591 -0.171741
-0.198012 0.0318653 0.355615
0.218506 0.349581 -0.158709
-0.120716 -0.143643 0.35984
0.148121 0.453528 -0.035055
-0.108442 -0.287878 -0.236913
0.189843 0.389154 0.135909
-0.169143 0.0197919 -0.371038
0.272443 0.272692 0.177756
-0.248048 -0.000156442 -0.32425
0.351133 0.154422 0.148247
-0.309729 -0.128343 -0.229899
0.398692 0.028164 0.083231
-0.344577 -0.195654 -0.0682582
0.407834 -0.0167541 -0.00652013
-0.341909 -0.192981 0.0878964
0.395063 0.043307 -0.0936234
-0.302631 -0.112535 0.247921
0.341223 0.174361 -0.152813
-0.238171 0.0106467 0.331404
0.261268 0.290386 -0.174342
-0.157726 -0.00178682 0.376544
0.178942 0.407296 -0.117465
-0.106571 -0.332463 0.142403
0.153639 0.44422 0.0645401
-0.128865 -0.0914948 -0.375737
0.229895 0.330253 0.169568
-0.209061 0.0339256 -0.349048
0.311474 0.21827 0.170106
-0.280372 -0.056244 -0.291156
0.380138 0.0894872 0.120943
-0.330626 -0.173508 -0.154159
0.406091 -0.00620448 0.0414373
-0.348019 -0.200347 0.00690313
0.405075 -0.000225722 -0.0506731
-0.326731 -0.166895 0.170177
0.374851 0.104467 -0.126481
-0.273837 -0.0467089 0.299045
0.303205 0.231965 -0.171006
-0.200801 0.0343094 0.353829
0.221365 0.34481 -0.16155
-0.12259 -0.131555 0.364436
0.149245 0.4519 -0.0412321
-0.107853 -0.300509 -0.215956
0.187086 0.393245 0.132521
-0.166282 0.0163555 -0.372493
0.269671 0.276284 0.177954
-0.245611 0.00496309 -0.326057
0.348733 0.159061 0.149773
-0.308004 -0.122263 -0.235857
0.397861 0.0313119 0.0860405
-0.343988 -0.19488 -0.0736666
0.407877 -0.0169933 -0.00323696
-0.34264 -0.193906 0.0824552
0.396037 0.0397843 -0.0909485
-0.304438 -0.116598 0.24358
0.343736 0.169796 -0.15144
-0.240637 0.00559368 0.329734
0.264059 0.285125 -0.176342
-0.160528 0.00196488 0.375356
0.181588 0.403578 -0.120972
-0.106918 -0.323779 0.166655
0.152033 0.446747 0.058376
-0.126702 -0.103734 -0.372972
0.227102 0.33516 0.166904
-0.206361 0.0351729 -0.350532
0.308761 0.222298 0.170988
-0.27824 -0.0512164 -0.29416
0.378456 0.0939907 0.123093
-0.329381 -0.17146 -0.159424
0.405787 -0.00465692 0.0444724
-0.34806 -0.200382 0.00161367
0.405448 -0.00250153 -0.0476648
-0.328032 -0.170785 0.162992
0.376643 0.0998794 -0.124471
-0.275997 -0.0517358 0.296173
0.30592 0.228023 -0.170252
-0.203525 0.0331999 0.352372
0.224171 0.340015 -0.164347
-0.124543 -0.119385 0.368467
0.150523 0.450018 -0.0474147
-0.107357 -0.311973 -0.193835
0.18439 0.397218 0.129086
-0.163468 0.0127865 -0.373873
0.266932 0.279822 0.17809
-0.243202 0.00674921 -0.32783
0.346325 0.163634 0.151228
-0.306282 -0.118416 -0.240261
0.39699 0.0345359 0.0887917
-0.343359 -0.194049 -0.0790252
0.407884 -0.0170619 -0.000159822
-0.343317 -0.194754 0.0770782
0.396946 0.036399 -0.0882818
-0.306195 -0.120514 0.239208
0.346187 0.165241 -0.150056
-0.243074 0.00386566 0.327971
0.266795 0.281616 -0.176263
-0.163318 0.00565768 0.374111
0.18426 0.398518 -0.126856
-0.107333 -0.313775 0.18999
0.150604 0.44952 0.0497258
-0.124651 -0.115975 -0.369646
0.224304 0.338347 0.166408
-0.203664 0.0363365 -0.351991
0.306064 0.226263 0.171804
-0.276119 -0.0491541 -0.296529
0.376732 0.0985065 0.125174
-0.3281 -0.167669 -0.166596
0.405455 -0.00302296 0.0474813
-0.348061 -0.200358 -0.00364551
