-0.127467 -0.0202202 -0.0021206
0.129071 -0.00200838 0.00146025
-0.127476 -0.0202162 -0.0011369
0.129083 -0.00200605 0.000367544
-0.127481 -0.0202268 5.27779e-05
0.129077 -0.00199694 -0.000745077
-0.127476 -0.0202297 0.00124256
0.12907 -0.00198482 -0.00183783
-0.12746 -0.0202249 0.00243274
0.129047 -0.00194384 -0.00295082
-0.127428 -0.0202477 0.00341724
0.129021 -0.0019219 -0.00404499
-0.127394 -0.0202394 0.00460927
0.128979 -0.00184903 -0.00515928
-0.12735 -0.0202234 0.00580268
0.128935 -0.00181727 -0.00625621
-0.127295 -0.0201997 0.00699774
0.128874 -0.00171243 -0.0073727
-0.127229 -0.020168 0.00819475
0.12881 -0.00167081 -0.0084737
-0.127147 -0.0202213 0.00918815
0.12873 -0.00153393 -0.00959325
-0.127063 -0.0201857 0.0103903
0.128647 -0.00148244 -0.0106995
-0.126967 -0.020142 0.0115952
0.128547 -0.0013134 -0.0118229
-0.12686 -0.0200901 0.0128031
0.128444 -0.00125203 -0.0129357
-0.126743 -0.0200299 0.0140143
0.128324 -0.00105072 -0.0140636
-0.126609 -0.0201125 0.0150246
0.1282 -0.000979457 -0.0151838
-0.126471 -0.0200475 0.0162437
0.12806 -0.000745748 -0.0163168
-0.126321 -0.0199737 0.0174666
0.127914 -0.000664605 -0.0174454
-0.126159 -0.0198911 0.0186937
0.127752 -0.000398384 -0.0185839
-0.125986 -0.0197995 0.0199249
0.127584 -0.000307394 -0.0197218
-0.125796 -0.0199093 0.0209584
0.1274 -8.56172e-06 -0.0208661
-0.1256 -0.0198115 0.0221993
0.127202 0.000312337 -0.0220117
-0.125393 -0.0197043 0.0234447
0.127002 0.000423723 -0.0231639
-0.125172 -0.0195873 0.0246947
0.126781 0.000777354 -0.0243152
-0.124939 -0.0194605 0.0259492
0.126556 0.000898394 -0.0254777
-0.124687 -0.0195947 0.0270098
0.12631 0.00128476 -0.0266345
-0.12443 -0.0194602 0.0282747
0.12606 0.00141527 -0.0278075
-0.124159 -0.0193152 0.0295441
0.125789 0.00183431 -0.0289694
-0.123875 -0.0191596 0.0308178
0.125512 0.00197403 -0.0301527
-0.123577 -0.0189931 0.0320956
0.125215 0.0024256 -0.0313191
-0.123259 -0.0191484 0.0331841
0.124911 0.00257421 -0.0325125
-0.122935 -0.0189725 0.0344716
0.124586 0.00305809 -0.0336825
-0.122596 -0.0187852 0.0357627
0.124255 0.00321517 -0.0348852
-0.122243 -0.0185864 0.0370572
0.123901 0.00373103 -0.0360578
-0.121876 -0.0183757 0.0383547
0.123541 0.00389607 -0.0372692
-0.121493 -0.0181531 0.0396548
0.123159 0.00444345 -0.038443
-0.121091 -0.0183269 0.0407727
0.122769 0.00461586 -0.0396619
-0.120681 -0.0180929 0.0420794
0.122357 0.00519418 -0.0408353
-0.120256 -0.0178465 0.0433877
0.121937 0.00537325 -0.0420605
-0.119815 -0.0175875 0.0446969
0.121496 0.00598181 -0.0432319
-0.11936 -0.0173158 0.0460066
0.121045 0.00616672 -0.0444618
-0.118888 -0.0170313 0.0473163
0.120573 0.00680467 -0.0456291
-0.118398 -0.0172194 0.0484527
0.120091 0.00699451 -0.046862
-0.117898 -0.0169221 0.0497637
0.119588 0.00766087 -0.048023
-0.117383 -0.0166118 0.0510729
0.119075 0.00785463 -0.0492571
-0.116853 -0.0162884 0.0523798
0.118542 0.00854828 -0.0504097
-0.116308 -0.0159519 0.0536837
0.117998 0.00874485 -0.0516428
-0.115747 -0.0156023 0.0549839
0.117434 0.00946454 -0.0527844
-0.115168 -0.0158016 0.0561221
0.11686 0.00966276 -0.0540144
-0.11458 -0.0154388 0.0574166
0.116265 0.0104071 -0.0551426
-0.113977 -0.015063 0.0587055
0.115662 0.0106057 -0.0563672
-0.11336 -0.0146742 0.059988
0.115038 0.0113733 -0.0574796
-0.112729 -0.0142725 0.0612635
0.114405 0.0115711 -0.0586965
-0.112083 -0.0138582 0.0625311
0.113752 0.0123603 -0.0597905
-0.11142 -0.0140684 0.0636508
0.113091 0.0125558 -0.0609974
-0.11075 -0.0136416 0.0649052
0.11241 0.0133652 -0.0620705
-0.110066 -0.0132025 0.0661499
0.111723 0.0135572 -0.0632652
-0.10937 -0.0127513 0.067384
0.111016 0.0143849 -0.0643151
-0.108662 -0.0122883 0.0686072
0.110302 0.0145722 -0.0654953
-0.107942 -0.0118136 0.0698185
0.10957 0.0154166 -0.0665198
-0.107205 -0.0120372 0.0708994
0.108833 0.0155978 -0.0676836
-0.106464 -0.011552 0.0720905
0.108078 0.0164574 -0.0686806
-0.105712 -0.011056 0.0732682
0.107319 0.0166314 -0.069826
-0.104949 -0.0105494 0.0744321
0.106541 0.0175045 -0.0707937
-0.104176 -0.0100325 0.0755814
0.105762 0.0176702 -0.071919
-0.103394 -0.0095057 0.0767159
0.104965 0.0185552 -0.0728558
-0.1026 -0.00974724 0.0777406
0.104166 0.0187116 -0.0739595
-0.101802 -0.00921275 0.0788495
0.103357 0.0188575 -0.0750526
-0.100995 -0.00866925 0.0799424
0.102536 0.0197533 -0.0759447
-0.100181 -0.00811712 0.0810189
0.101711 0.0198888 -0.0770143
-0.0993597 -0.00755671 0.0820788
0.100875 0.0207933 -0.0778726
-0.0985273 -0.00781925 0.0830471
0.100036 0.0209176 -0.0789178
-0.097694 -0.00725371 0.0840787
0.0991862 0.0218295 -0.0797414
-0.0968545 -0.00668085 0.085093
0.098335 0.0219422 -0.0807616
-0.0960092 -0.00610104 0.0860899
0.0974735 0.0228605 -0.08155
-0.0951583 -0.00551465 0.0870692
0.0966118 0.0229611 -0.0825446
-0.0942989 -0.0058021 0.087977
0.09574 0.0238849 -0.0832976
-0.0934401 -0.00521312 0.088927
0.0948694 0.0239732 -0.0842665
-0.0925766 -0.00461846 0.0898593
0.0939889 0.0249016 -0.0849841
-0.0917089 -0.00401848 0.090774
0.0931106 0.0249774 -0.0859271
-0.0908333 -0.00433005 0.0916322
0.0922227 0.0259098 -0.0866094
-0.0899599 -0.00372927 0.0925178
0.091338 0.0259732 -0.0875268
-0.089083 -0.003124 0.093386
0.0904438 0.0269089 -0.0881742
-0.0882027 -0.00251454 0.0942369
0.0895537 0.02696 -0.0890664
-0.0873153 -0.00285182 0.0950467
0.088659 0.0270006 -0.0899463
-0.086431 -0.00224313 0.0958695
0.0877597 0.0279377 -0.0905467
-0.0855437 -0.00163099 0.0966755
0.0868607 0.0279665 -0.0914021
-0.0846536 -0.00101568 0.0974648
0.0859572 0.0289063 -0.0919691
-0.0837577 -0.00137981 0.0982288
0.0850545 0.0289235 -0.0928006
-0.0828644 -0.000766553 0.0989917
0.0841473 0.0298658 -0.0933351
-0.0819684 -0.00015075 0.0997386
0.0832412 0.0298719 -0.0941435
-0.0810659 -0.000537341 0.100469
0.0823306 0.0308166 -0.0946464
-0.0801668 7.5661e-05 0.101191
0.0814213 0.0308121 -0.0954324
-0.079265 0.000690672 0.101898
0.0805074 0.0317592 -0.0959046
-0.0783602 0.00130748 0.10259
0.0795947 0.0317446 -0.0966692
-0.0774512 0.000893122 0.103281
0.0786776 0.0326941 -0.0971117
-0.076543 0.00150625 0.10395
0.0777613 0.03267 -0.0978558
-0.0756279 0.00107459 0.10462
0.0768407 0.0336219 -0.0982696
-0.0747158 0.00168379 0.105267
0.0759162 0.0345771 -0.0986649
-0.0738002 0.00229411 0.1059
0.0749958 0.0345433 -0.0993801
-0.072878 0.00184005 0.106544
0.0740674 0.035501 -0.0997482
-0.0719576 0.00244601 0.107157
0.0731419 0.0354591 -0.100445
-0.071033 0.00305273 0.107757
0.0722089 0.0364194 -0.100787
-0.0701025 0.00257645 0.108376
0.0712776 0.0363698 -0.101466
-0.0691717 0.00317845 0.108958
0.0703393 0.0373328 -0.101783
-0.0682335 0.00268545 0.10956
0.0694012 0.0372762 -0.102446
-0.0672956 0.00328258 0.110123
0.0684568 0.0382421 -0.102738
-0.066349 0.00277305 0.110708
0.0675076 0.0392109 -0.103013
-0.065403 0.00336516 0.111255
0.0665595 0.0391478 -0.103653
-0.0644509 0.00395738 0.111791
0.0656029 0.0401195 -0.103904
-0.063492 0.00342622 0.112355
0.0646453 0.0400506 -0.10453
-0.0625299 0.0040131 0.112874
0.0636803 0.0410252 -0.104759
-0.0615605 0.00346577 0.113423
0.0627095 0.0420025 -0.104972
-0.0605872 0.00404717 0.113928
0.0617374 0.0419284 -0.105576
-0.0596064 0.00348381 0.114462
0.0607568 0.0429085 -0.105767
-0.0586183 0.00290985 0.114986
0.0597697 0.0438909 -0.105943
-0.0576276 0.00348028 0.115471
0.0587803 0.0438123 -0.106527
-0.0566269 0.00289054 0.115981
0.0577819 0.0447973 -0.106682
-0.055622 0.00345511 0.116451
0.0567765 0.0457842 -0.106821
-0.0546077 0.00284969 0.116947
0.055764 0.0467729 -0.106945
-0.0535855 0.00223402 0.117431
0.0547484 0.0466903 -0.107504
-0.0525586 0.00278715 0.117883
0.0537226 0.0476809 -0.107607
-0.0515216 0.00215597 0.118353
0.0526892 0.0486728 -0.107695
-0.0504764 0.00151474 0.118812
0.051648 0.0496658 -0.107768
-0.0494228 0.00086358 0.119261
0.0505991 0.0506595 -0.107826
-0.0483641 0.00139953 0.11969
0.0495452 0.0505727 -0.108354
-0.0472946 0.000733106 0.120122
0.0484809 0.0515669 -0.108391
-0.0462166 5.69472e-05 0.120543
0.0474085 0.0525612 -0.108412
-0.0451301 -0.000628833 0.120952
0.0463278 0.0535553 -0.108419
-0.0440351 -0.00132412 0.12135
0.045239 0.054549 -0.10841
-0.0429318 -0.0020288 0.121735
0.0441421 0.0555417 -0.108386
-0.0418203 -0.00274274 0.122107
0.0430369 0.0565333 -0.108346
-0.0407005 -0.00346583 0.122467
0.0419216 0.0586035 -0.107744
-0.0395727 -0.00419791 0.122813
0.0408013 0.0595907 -0.107665
-0.038437 -0.00493885 0.123145
0.0396733 0.0605754 -0.107571
-0.0372919 -0.00692283 0.123401
0.0385378 0.0615572 -0.10746
-0.0361422 -0.00768403 0.123697
0.0373931 0.063606 -0.106743
-0.0349854 -0.00845345 0.123979
0.0362449 0.064579 -0.106593
-0.033821 -0.0104729 0.124146
0.0350879 0.0666087 -0.10581
-0.0326528 -0.0112606 0.124389
0.0339288 0.0675704 -0.105619
-0.0314788 -0.0133014 0.124488
0.0327629 0.0695774 -0.10477
-0.030301 -0.0153521 0.124541
0.0315935 0.0715671 -0.103879
-0.0291208 -0.0174116 0.124547
0.0304238 0.0725054 -0.103625
-0.0279394 -0.0194788 0.124506
0.0292499 0.0754895 -0.101976
-0.0267582 -0.0215524 0.124417
0.0280786 0.0774194 -0.100964
-0.0255781 -0.0248727 0.12403
0.0269097 0.0793267 -0.0999129
-0.0244021 -0.0281902 0.123538
0.0257436 0.0821946 -0.0980721
-0.0232328 -0.0315014 0.122938
0.0245864 0.0840412 -0.0969276
-0.0220733 -0.0348024 0.12223
0.0234381 0.0868145 -0.0949567
-0.0209255 -0.0393019 0.121011
0.0223027 0.0904518 -0.0920926
-0.0197951 -0.0437604 0.119599
0.0211866 0.093079 -0.0899539
-0.0186867 -0.0481698 0.117994
0.0200928 0.0965121 -0.0868774
-0.0176052 -0.0536808 0.115637
0.0190279 0.100653 -0.0827853
-0.016558 -0.0602063 0.112349
0.0180002 0.104588 -0.0785279
-0.0155539 -0.0665374 0.108633
0.0170189 0.10831 -0.0741155
-0.0146021 -0.0747224 0.102917
0.0160937 0.112499 -0.0685625
-0.0137153 -0.0824425 0.0964792
0.0152377 0.116977 -0.0617894
-0.0129064 -0.0905295 0.0883735
0.0144654 0.121523 -0.0537218
-0.0121905 -0.099442 0.0772901
0.0137941 0.125422 -0.0453975
-0.0115846 -0.107107 0.0651269
0.0132405 0.12902 -0.0357363
-0.0111048 -0.114428 0.0495035
0.0128217 0.132002 -0.0247187
-0.0107663 -0.120014 0.0315436
0.0125534 0.133889 -0.0135219
-0.0105815 -0.123073 0.0128409
0.0124455 0.134682 -0.00106221
-0.0105571 -0.123464 -0.00755322
0.0125038 0.13423 0.0102452
-0.0106939 -0.120855 -0.027742
0.0127244 0.132445 0.0226286
-0.0109872 -0.115781 -0.0458904
0.0130992 0.129668 0.0336867
-0.011426 -0.108905 -0.0617624
0.0136143 0.126252 0.0433978
-0.0119957 -0.100842 -0.0753
0.0142518 0.121986 0.0528502
-0.01268 -0.0921331 -0.0865793
0.0149959 0.118115 0.0599099
-0.013463 -0.0841952 -0.0948614
0.0158282 0.113765 0.0667483
-0.0143278 -0.0755746 -0.102284
0.0167336 0.108952 0.0733373
-0.0152616 -0.0685127 -0.107356
0.0177 0.10527 0.0777772
-0.0162509 -0.0611339 -0.111861
0.018714 0.100548 0.0829717
-0.017286 -0.0546338 -0.115214
0.019769 0.0972682 0.0861874
-0.0183581 -0.0491404 -0.117625
0.0208547 0.0938629 0.0892905
-0.0194592 -0.0435475 -0.119735
0.021965 0.0903372 0.0922761
-0.0205839 -0.0390843 -0.121143
0.0230951 0.0876439 0.0943433
-0.0217264 -0.0345802 -0.122357
0.0242386 0.0839216 0.0971097
-0.0228834 -0.0312757 -0.123063
0.0253953 0.082075 0.0982549
-0.0240502 -0.0279611 -0.12366
0.0265585 0.0792052 0.100095
-0.0252242 -0.0246401 -0.12415
0.0277273 0.0772976 0.101148
-0.0264023 -0.0213162 -0.124534
0.0288978 0.0743422 0.102853
-0.0275839 -0.0192403 -0.124623
0.0300704 0.0723809 0.103809
-0.0287658 -0.0171707 -0.124663
0.0312419 0.0703999 0.104724
-0.0299465 -0.0151088 -0.124657
0.032411 0.0684006 0.105597
-0.0311249 -0.0130557 -0.124603
0.0335788 0.0674455 0.105805
-0.0322996 -0.0110124 -0.124504
0.0347405 0.0654216 0.106613
-0.0334694 -0.00898021 -0.124359
0.0358983 0.0644539 0.106781
-0.0346357 -0.0082014 -0.124094
0.0370489 0.0624093 0.107523
-0.0357939 -0.00619214 -0.123882
0.0381946 0.0614315 0.10765
-0.0369475 -0.00543259 -0.123579
0.0393311 0.0593698 0.108325
-0.0380937 -0.00468159 -0.123262
0.0404629 0.0583847 0.108412
-0.039232 -0.0039393 -0.122931
0.0415867 0.057397 0.108484
-0.040361 -0.00197989 -0.122612
0.0427026 0.0564074 0.10854
-0.0414837 -0.0012591 -0.122246
0.0438103 0.0554161 0.108581
-0.042598 -0.000547583 -0.121867
0.0449098 0.0544235 0.108606
-0.0437037 0.000154526 -0.121476
0.0460011 0.0534301 0.108616
-0.0448008 0.00084711 -0.121073
0.0470842 0.0524361 0.108611
-0.0458893 0.00153005 -0.120658
0.048159 0.0514418 0.10859
-0.0469714 0.00100085 -0.120247
0.0492255 0.0504477 0.108555
-0.0480432 0.00166853 -0.119815
0.0502839 0.0494539 0.108504
-0.0491063 0.00232636 -0.119373
0.0513342 0.0484608 0.108438
-0.0501608 0.00297424 -0.118919
0.0523764 0.0474687 0.108357
-0.0512067 0.00361207 -0.118454
0.0534106 0.0464777 0.108261
-0.0522475 0.00305976 -0.118015
0.0544407 0.0465674 0.107711
-0.053278 0.00368199 -0.117535
0.0554607 0.0455783 0.107594
-0.0543001 0.00429397 -0.117045
0.0564733 0.0445909 0.107462
-0.0553177 0.00372992 -0.116588
0.0574785 0.0436054 0.107315
-0.0563255 0.00432615 -0.116083
0.0584807 0.0436914 0.10674
-0.0573254 0.00491191 -0.115569
0.0594736 0.0427085 0.106571
-0.0583224 0.0043364 -0.115093
0.0604598 0.041728 0.106387
-0.0593092 0.00490622 -0.114564
0.0614433 0.0418098 0.105793
-0.0602928 0.00432484 -0.114074
0.0624187 0.0408321 0.105587
-0.0612674 0.0048786 -0.11353
0.0633879 0.0398571 0.105366
-0.062239 0.00429151 -0.113025
0.0643556 0.0399343 0.104751
-0.0632023 0.00482908 -0.112466
0.0653156 0.0389624 0.104507
-0.0641631 0.00423645 -0.111946
0.06627 0.0379934 0.104248
-0.065116 0.00475768 -0.111372
0.0672248 0.0380653 0.103611
-0.0660672 0.00415964 -0.110836
0.0681714 0.0370995 0.103328
-0.0670106 0.00466437 -0.110246
0.0691177 0.0371653 0.102676
-0.0679533 0.00406107 -0.109693
0.0700575 0.0362026 0.102369
-0.0688878 0.0045491 -0.109088
0.0709926 0.0352431 0.102046
-0.0698232 0.00394069 -0.108516
0.0719302 0.0353022 0.101369
-0.0707539 0.00333268 -0.107933
0.0728596 0.0343457 0.10102
-0.0716786 0.00379843 -0.107304
0.0737913 0.0343975 0.100326
-0.0726033 0.00318562 -0.106702
0.0747158 0.033444 0.0999514
-0.0735208 0.00363425 -0.106055
0.0756423 0.0334879 0.0992394
-0.0744405 0.0030168 -0.105433
0.0765626 0.0325373 0.0988373
-0.0753566 0.00240028 -0.104796
0.0774846 0.0325727 0.0981062
-0.0762665 0.00282621 -0.104123
0.0784011 0.0316248 0.097676
-0.0771785 0.00220545 -0.103466
0.0793193 0.0316512 0.0969249
-0.0780873 0.00158602 -0.102793
0.0802322 0.030706 0.0964656
-0.0789904 0.0019891 -0.102092
0.0811468 0.0307228 0.0956937
-0.0798958 0.00136591 -0.101397
0.0820564 0.0297801 0.0952043
-0.0807985 0.000744494 -0.100686
0.0829678 0.0297869 0.0944106
-0.0816949 0.00112466 -0.0999539
0.0838739 0.0288468 0.0938902
-0.0825944 0.00050008 -0.0992186
0.0847821 0.0288429 0.0930738
-0.0834912 -0.000122193 -0.0984673
0.0856847 0.0279055 0.0925214
-0.0843852 -0.000741917 -0.0976998
0.0865893 0.0278905 0.0916816
-0.0852741 -0.000389623 -0.0969248
0.087488 0.026956 0.0910964
-0.0861648 -0.00101144 -0.0961306
0.0883888 0.0269295 0.0902323
-0.0870525 -0.00163008 -0.0953196
0.0892829 0.025998 0.0896135
-0.0879331 -0.00130024 -0.0945094
0.0901793 0.0259598 0.0887246
-0.0888168 -0.00192006 -0.0936704
0.0910681 0.0250316 0.0880715
-0.0896971 -0.002536 -0.0928142
0.0919594 0.0249814 0.0871572
-0.090574 -0.00314773 -0.0919405
0.092842 0.0240569 0.0864693
-0.0914426 -0.00284425 -0.0910823
0.093727 0.0239946 0.0855293
-0.0923139 -0.00345564 -0.0901796
0.0946022 0.0230745 0.0848061
-0.0931809 -0.00406201 -0.0892592
0.0954799 0.023 0.0838402
-0.0940434 -0.004663 -0.0883211
0.0963465 0.0220849 0.0830816
-0.0949012 -0.00525826 -0.0873652
0.0972155 0.0219984 0.0820898
-0.0957503 -0.00498324 -0.0864462
0.0980773 0.0219009 0.0810855
-0.0965995 -0.00557584 -0.085461
0.0989308 0.0209907 0.0802783
-0.097443 -0.00616179 -0.0844584
0.0997816 0.0208815 0.0792485
-0.0982803 -0.00674073 -0.0834383
0.100623 0.0199783 0.0784063
-0.0991111 -0.00731227 -0.082401
0.101461 0.0198578 0.0773515
-0.0999314 -0.0070622 -0.081422
0.102287 0.0189627 0.0764749
-0.10075 -0.00762851 -0.0803567
0.103111 0.0188315 0.075396
-0.101561 -0.00818647 -0.0792748
0.103922 0.0179457 0.0744859
-0.102363 -0.00873572 -0.0781767
0.104729 0.0178045 0.0733838
-0.103157 -0.00927587 -0.0770628
0.105522 0.0169294 0.0724413
-0.103938 -0.00904677 -0.0760285
0.106311 0.016779 0.0713173
-0.104715 -0.00957911 -0.0748894
0.107084 0.015916 0.0703437
-0.105483 -0.0101015 -0.0737356
0.107853 0.0157574 0.0691993
-0.10624 -0.0106135 -0.0725677
0.108605 0.0149081 0.0681962
-0.106987 -0.0111149 -0.071386
0.109352 0.0147423 0.067033
-0.107722 -0.0116053 -0.0701913
0.11008 0.0139081 0.0660024
-0.108442 -0.011394 -0.0691027
0.110804 0.0137363 0.0648224
-0.109156 -0.0118739 -0.0678884
0.111508 0.012919 0.0637662
-0.109858 -0.0123421 -0.0666626
0.112206 0.0127425 0.0625714
-0.110547 -0.0127983 -0.0654261
0.112884 0.0119436 0.0614918
-0.111224 -0.0132425 -0.0641795
0.113556 0.0117635 0.0602843
-0.111887 -0.0136743 -0.0629234
0.114205 0.0109847 0.0591838
-0.112532 -0.0134763 -0.0617984
0.11485 0.0108023 0.057966
-0.113169 -0.0138957 -0.0605299
0.115471 0.0100452 0.056847
-0.113792 -0.0143023 -0.0592539
0.116086 0.00986181 0.0556211
-0.114401 -0.0146961 -0.0579712
0.116684 0.00967228 0.0543929
-0.114996 -0.0150769 -0.0566825
0.117264 0.00894479 0.0532544
-0.115576 -0.0154447 -0.0553885
0.117831 0.00875613 0.0520216
-0.116136 -0.0152577 -0.0542476
0.11838 0.0080539 0.0508708
-0.116688 -0.0156123 -0.0529486
0.118918 0.00786732 0.0496357
-0.117225 -0.0159538 -0.0516463
0.119436 0.00719165 0.048475
-0.117746 -0.0162823 -0.0503413
0.119942 0.00700829 0.0472397
-0.118253 -0.0165978 -0.0490343
0.12043 0.00636037 0.0460714
-0.118744 -0.0169002 -0.0477258
0.1209 0.00573259 0.0448972
-0.119214 -0.0167247 -0.046589
0.121363 0.00556216 0.0436645
-0.119677 -0.0170145 -0.0452824
0.121801 0.00496369 0.0424862
-0.120124 -0.0172916 -0.043976
0.122234 0.00479892 0.0412581
-0.120556 -0.017556 -0.0426703
0.122643 0.00423059 0.0400778
-0.120973 -0.017808 -0.0413659
0.123045 0.00407228 0.0388558
-0.121375 -0.0180476 -0.0400631
0.123424 0.00353481 0.0376753
-0.121758 -0.0178865 -0.0389465
0.123797 0.00338367 0.0364607
-0.122132 -0.0181149 -0.0376507
0.124146 0.00287763 0.0352816
-0.122492 -0.0183314 -0.0363576
0.12449 0.00273427 0.0340756
-0.122837 -0.0185362 -0.0350677
0.124812 0.00226011 0.0328992
-0.123168 -0.0187296 -0.0337812
0.125127 0.00212503 0.0317026
-0.123478 -0.0185857 -0.0326893
0.125422 0.00168309 0.03053
-0.123783 -0.0187693 -0.0314122
0.12571 0.00155672 0.0293436
-0.124074 -0.0189421 -0.0301391
0.125978 0.00114723 0.0281757
-0.124351 -0.0191041 -0.0288702
0.12624 0.0010299 0.0269997
-0.124615 -0.0192555 -0.0276056
0.126482 0.000653001 0.0258373
-0.124866 -0.0193967 -0.0263454
0.126718 0.000544974 0.0246718
-0.125099 -0.0192757 -0.0252874
0.126936 0.000200737 0.0235153
-0.125326 -0.0194093 -0.0240375
0.127148 0.00010221 0.0223602
-0.12554 -0.019533 -0.0227921
0.127342 -0.000209364 0.0212098
-0.125742 -0.0196471 -0.021551
0.12753 -0.000298249 0.0200649
-0.125931 -0.0197518 -0.0203143
0.127701 -0.000577206 0.0189206
-0.126104 -0.0196555 -0.0192834
0.127867 -0.000656355 0.0177854
-0.126272 -0.0197542 -0.0180561
0.128016 -0.000902776 0.016647
-0.126428 -0.0198439 -0.0168329
0.128159 -0.00097213 0.0155209
-0.126572 -0.0199249 -0.0156135
0.128287 -0.00118612 0.0143881
-0.126705 -0.0199972 -0.0143979
0.128409 -0.00124565 0.0132701
-0.126822 -0.0199282 -0.0133896
0.128517 -0.00142732 0.0121425
-0.126935 -0.0199957 -0.0121814
0.128619 -0.00147701 0.0110317
-0.127037 -0.020055 -0.0109762
0.128706 -0.00162648 0.00990864
-0.127127 -0.0201061 -0.00977377
0.128788 -0.00166634 0.00880401
-0.127207 -0.0201492 -0.00857388
0.128856 -0.00178372 0.00768472
-0.127273 -0.0201095 -0.0075818
0.128919 -0.00181375 0.00658503
-0.127334 -0.0201487 -0.00638655
0.128968 -0.00189914 0.00546875
-0.127384 -0.0201801 -0.00519295
0.129005 -0.00196299 0.0043533
-0.127424 -0.0202036 -0.00400073
0.129042 -0.00197282 0.00325859
-0.127448 -0.0201903 -0.00301572
0.12906 -0.00200478 0.00214499
-0.12747 -0.0202104 -0.00182551
0.129078 -0.00200482 0.00105202
-0.127481 -0.0202228 -0.000635707
0.129079 -0.00200492 -6.06807e-05
-0.127482 -0.0202275 0.00055399
0.129078 -0.00199517 -0.00115327
-0.127472 -0.0202245 0.00174388
0.12906 -0.00196341 -0.00226602
-0.127447 -0.0202422 0.0027279
0.12904 -0.00194385 -0.00335959
-0.127419 -0.0202358 0.00391922
0.129004 -0.00188021 -0.00447334
-0.12738 -0.0202216 0.0051117
0.128965 -0.00185082 -0.00556925
-0.127331 -0.0201997 0.00630565
0.12891 -0.00175523 -0.00668491
-0.127272 -0.02017 0.00750135
0.128853 -0.001716 -0.00778448
-0.127197 -0.0202184 0.00849324
0.128779 -0.0015884 -0.00890291
-0.127119 -0.0201848 0.00969366
0.128701 -0.00153929 -0.0100074
-0.127029 -0.0201431 0.0108967
0.128608 -0.00137957 -0.0111294
-0.126929 -0.0200933 0.0121026
0.128511 -0.00132058 -0.01224
-0.126812 -0.0201674 0.0131066
0.128398 -0.00112862 -0.0133663
-0.126691 -0.0201131 0.0143195
0.12828 -0.00105973 -0.0144841
-0.12656 -0.0200504 0.0155361
0.128146 -0.000835408 -0.0156153
-0.126417 -0.019979 0.0167564
0.128007 -0.000756635 -0.0167412
-0.126262 -0.0198989 0.0179807
0.127852 -0.000499828 -0.0178778
-0.12609 -0.0200009 0.019006
0.127691 -0.00041119 -0.0190126
-0.125914 -0.0199151 0.0202395
0.127514 -0.000121797 -0.0201549
-0.125725 -0.0198201 0.0214774
0.12733 -2.33471e-05 -0.0212994
-0.125525 -0.0197156 0.0227198
0.127131 0.000298714 -0.0224475
-0.125312 -0.0196016 0.0239666
0.126923 0.000406882 -0.0236021
-0.12508 -0.0197291 0.0250181
0.1267 0.000761654 -0.0247561
-0.124843 -0.0196079 0.0262753
0.126467 0.0008794 -0.0259211
-0.124594 -0.0194766 0.0275371
0.126219 0.00126688 -0.0270806
-0.124331 -0.019335 0.0288033
0.125956 0.00167649 -0.0282408
-0.124054 -0.0191828 0.0300739
0.125688 0.00181411 -0.0294208
-0.123764 -0.01902 0.0313488
0.125398 0.00225631 -0.0305856
-0.123456 -0.0191715 0.0324341
0.125104 0.00240294 -0.0317758
-0.12314 -0.0189994 0.0337188
0.124787 0.00287753 -0.0329445
-0.12281 -0.018816 0.0350072
0.124464 0.00303277 -0.0341443
-0.122466 -0.0186212 0.0362992
0.12412 0.00353945 -0.0353159
-0.122107 -0.0184146 0.0375943
0.123769 0.00370284 -0.0365246
-0.121728 -0.0185842 0.038705
0.123396 0.0042412 -0.0376978
-0.121342 -0.0183668 0.0400077
0.123015 0.00441214 -0.0389144
-0.12094 -0.0181372 0.0413127
0.122613 0.00498164 -0.0400878
-0.120524 -0.0178952 0.0426194
0.122202 0.00515948 -0.0413111
-0.120092 -0.0176408 0.0439274
0.121769 0.00575945 -0.0424829
-0.119645 -0.0173738 0.0452362
0.121329 0.0059434 -0.0437114
-0.119179 -0.0175586 0.046369
0.120866 0.00657304 -0.0448798
-0.118703 -0.0172791 0.0476808
0.120394 0.00676221 -0.0461119
-0.118213 -0.0169866 0.0489917
0.1199 0.00742058 -0.0472747
-0.117707 -0.0166812 0.0503013
0.119398 0.007614 -0.0485085
-0.117186 -0.0163627 0.051609
0.118873 0.00830001 -0.0496635
-0.116649 -0.0160311 0.052914
0.11834 0.0084966 -0.0508971
-0.116093 -0.0162278 0.0540535
0.117784 0.00920904 -0.0520419
-0.115529 -0.015883 0.0553549
0.11722 0.00940764 -0.053273
-0.114949 -0.0155251 0.0566516
0.116635 0.0101452 -0.0544052
-0.114355 -0.0151541 0.0579432
0.11604 0.0103446 -0.0556316
-0.113746 -0.0147702 0.0592287
0.115425 0.0111058 -0.0567487
-0.113123 -0.0143733 0.0605076
0.114802 0.0113047 -0.0579681
-0.112482 -0.0145807 0.0616344
0.114157 0.0120881 -0.0590676
-0.111833 -0.0141711 0.0629021
0.113505 0.0122852 -0.0602778
-0.11117 -0.0137489 0.0641611
0.112833 0.0130891 -0.0613571
-0.110494 -0.0133143 0.0654108
0.112154 0.0132831 -0.0625557
-0.109806 -0.0128675 0.0666504
0.111454 0.0141059 -0.0636126
-0.109105 -0.0124087 0.0678794
0.110749 0.0142956 -0.0647974
-0.108387 -0.0126286 0.0689726
0.110024 0.0151356 -0.0658296
-0.107663 -0.0121587 0.070183
0.109295 0.0153196 -0.0669985
-0.106928 -0.0116775 0.0713809
0.108546 0.0161753 -0.0680038
-0.106182 -0.0111852 0.0725658
0.107794 0.0163523 -0.069155
-0.105425 -0.0106822 0.0737371
0.107023 0.017222 -0.0701315
-0.104659 -0.0101688 0.0748942
0.10625 0.0173911 -0.0712631
-0.103878 -0.0104052 0.0759354
0.105464 0.0175502 -0.0723851
-0.103094 -0.00988321 0.0770682
0.104666 0.0184332 -0.0733196
-0.102301 -0.00935172 0.0781855
0.103862 0.0185829 -0.0744197
-0.101499 -0.00881104 0.079287
0.103046 0.0194763 -0.0753216
-0.100689 -0.00826153 0.0803724
0.102226 0.0196158 -0.0763986
-0.0998671 -0.00851757 0.0813595
0.101394 0.0205182 -0.0772669
-0.0990443 -0.00796206 0.0824172
0.10056 0.0206468 -0.0783198
-0.0982146 -0.00739867 0.083458
0.0997136 0.021557 -0.0791537
-0.0973785 -0.00682777 0.0844816
0.0988663 0.021674 -0.0801816
-0.0965362 -0.00624973 0.0854879
0.0980079 0.0225909 -0.0809805
-0.0956839 -0.0065294 0.0864153
0.0971496 0.0226959 -0.081983
-0.0948326 -0.00594794 0.0873925
0.0962806 0.0236185 -0.0827465
-0.0939762 -0.00536027 0.088352
0.0954128 0.0237113 -0.0837233
-0.0931151 -0.00476676 0.0892938
0.0945345 0.0246388 -0.0844513
-0.0922495 -0.00416775 0.090218
0.0936588 0.0247191 -0.0854024
-0.0913766 -0.00447464 0.0910841
0.0927727 0.0256507 -0.086095
-0.0905051 -0.00387459 0.0919791
0.0918902 0.0257186 -0.0870204
-0.0896298 -0.00326989 0.0928566
0.0910024 0.0257757 -0.0879333
-0.088751 -0.00266086 0.0937167
0.0901093 0.0267092 -0.0885779
-0.0878658 -0.00299329 0.0945343
0.0892164 0.0267541 -0.0894656
-0.0869828 -0.00238482 0.0953661
0.0883181 0.0276907 -0.090076
-0.0860968 -0.00177276 0.096181
0.0874207 0.0277236 -0.0909389
-0.0852078 -0.0011574 0.0969791
0.0865181 0.0286629 -0.0915157
-0.0843137 -0.00151658 0.0977504
0.0856169 0.0286842 -0.0923545
-0.0834215 -0.000903114 0.0985217
0.0847104 0.0296261 -0.0928985
-0.0825266 -0.000286986 0.099277
0.0838057 0.0296361 -0.093714
-0.0816256 -0.000668604 0.100015
0.0828958 0.0305804 -0.094226
-0.0807277 -5.51451e-05 0.100745
0.0819878 0.0305797 -0.0950189
-0.0798269 0.000560422 0.101459
0.0810747 0.0315263 -0.0955
-0.0789197 0.00015625 0.102165
0.0801633 0.0315153 -0.0962712
-0.0780158 0.000768507 0.102856
0.079247 0.0324643 -0.0967222
-0.0771089 0.00138239 0.103532
0.0783321 0.0324436 -0.0974727
-0.0761954 0.000955669 0.104209
0.0774123 0.033395 -0.0978947
-0.0752848 0.00156571 0.104863
0.0764935 0.0333651 -0.0986252
-0.0743707 0.00217694 0.105503
0.0755701 0.034319 -0.0990192
-0.0734503 0.00172778 0.106152
0.0746468 0.0342805 -0.0997307
-0.0725316 0.00233474 0.106772
0.0737191 0.0352371 -0.100098
-0.0716089 0.00294252 0.107379
0.0727874 0.0361968 -0.100447
-0.0706804 0.00247108 0.108003
0.0718583 0.0361499 -0.101132
-0.0697518 0.0030742 0.10859
0.0709215 0.0371123 -0.101455
-0.0688158 0.002586 0.109197
0.0699859 0.0370582 -0.102124
-0.0678805 0.00318431 0.109767
0.0690433 0.0380234 -0.102422
-0.0669398 0.00378295 0.110324
0.0681002 0.0379626 -0.103074
-0.0659932 0.00327287 0.110909
0.0671509 0.0389308 -0.103349
-0.0650441 0.00386638 0.11145
0.0661966 0.0399017 -0.103608
-0.064088 0.00333993 0.112018
0.0652423 0.0398349 -0.104237
-0.0631294 0.00392817 0.112543
0.0642799 0.0408088 -0.104473
-0.0621631 0.0033855 0.113097
0.0633152 0.0407364 -0.105088
-0.0611937 0.00396831 0.113606
0.0623437 0.0417133 -0.105301
-0.0602163 0.00340958 0.114144
0.0613661 0.0426926 -0.105498
-0.0592349 0.00398679 0.114639
0.0603857 0.0426154 -0.106093
-0.0582455 0.00341213 0.115163
0.0593974 0.0435975 -0.106269
-0.0572487 0.00282697 0.115676
0.0584025 0.0445818 -0.106429
-0.0562485 0.00339309 0.116152
0.0574008 0.0455681 -0.106575
-0.0552384 0.00279223 0.116651
0.0563963 0.045487 -0.107144
-0.0542205 0.00218108 0.11714
0.055382 0.0464755 -0.107268
-0.0531989 0.00273586 0.117597
0.0543604 0.0474657 -0.107377
-0.0521666 0.0021092 0.118071
0.0533313 0.0484571 -0.107471
-0.051126 0.00147247 0.118534
0.0522977 0.0483719 -0.108015
-0.0500805 0.00201559 0.118973
0.0512541 0.0493647 -0.108088
-0.0490244 0.0013635 0.119421
0.0502027 0.0503584 -0.108146
-0.0479599 0.000701539 0.119858
0.0491432 0.0513525 -0.108189
-0.0468869 2.98266e-05 0.120284
0.0480757 0.0523469 -0.108216
-0.0458055 -0.000651533 0.120698
0.047 0.0533413 -0.108229
-0.0447157 -0.00134243 0.1211
0.0459163 0.0543352 -0.108226
-0.0436198 -0.000827758 0.121504
0.0448245 0.0553285 -0.108208
-0.0425134 -0.00153356 0.121889
0.0437245 0.0563208 -0.108175
-0.0413966 -0.00347113 0.122232
0.0426165 0.0573116 -0.108126
-0.0402739 -0.00419895 0.122584
0.0415006 0.0583007 -0.108062
-0.0391434 -0.00493567 0.122923
0.0403768 0.0592875 -0.107983
-0.0380051 -0.00568114 0.123247
0.0392437 0.0613478 -0.107317
-0.0368592 -0.0064352 0.123558
0.0381059 0.0623279 -0.107197
-0.0357047 -0.00843584 0.123775
0.0369609 0.0633044 -0.107062
-0.0345459 -0.00920934 0.124048
0.0358082 0.0653428 -0.106305
-0.0333792 -0.0112333 0.124199
0.0346515 0.0663089 -0.106129
-0.0322094 -0.0120248 0.124433
0.0334884 0.0683259 -0.105306
-0.0310338 -0.0140694 0.124514
0.0323211 0.0703266 -0.104441
-0.029855 -0.0161236 0.124549
0.0311507 0.0723095 -0.103535
-0.0286742 -0.0181861 0.124538
0.0299806 0.073244 -0.103272
-0.0274927 -0.0202559 0.124479
0.0288068 0.0762167 -0.101602
-0.0263107 -0.0235741 0.124137
0.0276362 0.0781383 -0.100575
-0.0251333 -0.0256529 0.123958
0.0264686 0.0800367 -0.0995088
-0.0239596 -0.0289705 0.123439
0.0253053 0.082891 -0.0976476
-0.0227935 -0.0322806 0.122811
0.0241501 0.0856887 -0.0957095
-0.0216372 -0.0367987 0.121701
0.0230068 0.0884268 -0.0936962
-0.0204965 -0.0400744 0.120821
0.0218787 0.0911025 -0.09161
-0.0193728 -0.0457179 0.118901
0.0207698 0.0946032 -0.0886
-0.0182742 -0.0501024 0.117212
0.0196865 0.0979823 -0.0854734
-0.0172043 -0.0567209 0.114157
0.0186347 0.102052 -0.0813222
-0.0161724 -0.0631592 0.110671
0.0176234 0.105914 -0.0770093
-0.0151873 -0.0693913 0.106762
0.0166613 0.110279 -0.0715665
-0.0142586 -0.0774237 0.100794
0.0157611 0.114316 -0.0659245
-0.0133992 -0.0859078 0.0931895
0.0149351 0.118609 -0.0590581
-0.0126239 -0.0936936 0.0847378
0.014199 0.122935 -0.0508974
-0.0119477 -0.102195 0.0732703
0.0135696 0.127028 -0.0413872
-0.0113875 -0.110011 0.0595568
0.0130653 0.130266 -0.0316306
-0.0109592 -0.117025 0.0422293
0.0127019 0.13284 -0.0205362
-0.0106777 -0.121584 0.0239122
0.0124934 0.134311 -0.00929324
-0.0105532 -0.123579 0.00503041
0.0124482 0.134643 0.00318186
-0.01059 -0.122816 -0.0153505
0.012568 0.133622 0.0156294
-0.0107872 -0.119417 -0.0339799
0.0128488 0.131531 0.0267993
-0.0111369 -0.113505 -0.0518101
0.0132781 0.128347 0.0377749
-0.0116268 -0.1059 -0.0672667
0.0138416 0.124573 0.0473854
-0.0122422 -0.0980159 -0.0792585
0.0145218 0.120522 0.0556545
-0.0129653 -0.0889036 -0.0901458
0.0153011 0.11646 0.0626306
-0.013781 -0.0806707 -0.0980764
0.0161628 0.111926 0.0693744
-0.0146736 -0.0728353 -0.104349
0.0170928 0.10769 0.0748996
-0.0156297 -0.0656438 -0.1092
0.018078 0.103134 0.0802151
-0.016637 -0.0581512 -0.113478
0.0191085 0.0991214 0.0844138
-0.0176876 -0.0527312 -0.116084
0.0201761 0.0957863 0.0875812
-0.0187714 -0.0472016 -0.11839
0.0212718 0.0923275 0.0906338
-0.0198818 -0.041578 -0.120394
0.0223895 0.0887506 0.0935665
-0.0210139 -0.0370951 -0.121717
0.023526 0.0860211 0.0955923
-0.0221628 -0.0338018 -0.122504
0.0246751 0.0832314 0.0975433
-0.023323 -0.0292623 -0.12349
0.0258336 0.0803844 0.0994177
-0.0244928 -0.0259414 -0.124025
0.0270001 0.0784917 0.100494
-0.0256695 -0.0238596 -0.124215
0.0281688 0.0755566 0.102234
-0.026849 -0.0205369 -0.124572
0.0293412 0.0736082 0.103215
-0.0280308 -0.0184632 -0.124643
0.0305136 0.0716393 0.104156
-0.0292124 -0.0163964 -0.124666
0.0316844 0.0696513 0.105056
-0.0303925 -0.0143377 -0.124641
0.0328522 0.0676454 0.105914
-0.0315696 -0.0122881 -0.12457
0.0340187 0.0666874 0.106113
-0.0327426 -0.0102489 -0.124454
0.0351783 0.0646578 0.106905
-0.0339119 -0.00946364 -0.124204
0.0363343 0.0636877 0.107063
-0.0350746 -0.00744637 -0.124019
0.037482 0.0616382 0.107789
-0.0362319 -0.00667976 -0.12373
0.0386254 0.0606587 0.107907
-0.037381 -0.00468697 -0.12348
0.0397613 0.0596759 0.10801
-0.0385246 -0.00394046 -0.123154
0.0408874 0.0576065 0.108645
-0.0396602 -0.00320276 -0.122815
0.0420086 0.0566178 0.108707
-0.0407878 -0.00247404 -0.122462
0.0431216 0.0556273 0.108754
-0.0419072 -0.00175444 -0.122096
0.0442263 0.0546354 0.108786
-0.0430182 -0.00104408 -0.121717
0.0453228 0.0536424 0.108802
-0.0441208 -0.00034309 -0.121326
0.046411 0.0526487 0.108803
-0.0452149 0.000348405 -0.120922
0.0474908 0.0516546 0.108788
-0.0463004 0.00103029 -0.120507
0.0485623 0.0506605 0.108759
-0.0473772 0.00170246 -0.12008
0.0496256 0.0496666 0.108714
-0.0484454 0.0023648 -0.119641
0.0506806 0.0486733 0.108654
-0.0495048 0.00301721 -0.119192
0.0517303 0.0487643 0.10812
-0.0505586 0.00247211 -0.118762
0.0527701 0.047772 0.108039
-0.0516021 0.00310903 -0.118297
0.0538021 0.0467809 0.107943
-0.0526372 0.00373582 -0.117822
0.0548264 0.0457913 0.107832
-0.0536639 0.00435238 -0.117336
0.055843 0.0448032 0.107706
-0.0546866 0.00378999 -0.116883
0.0568558 0.0448905 0.107141
-0.0556987 0.00439081 -0.116383
0.0578594 0.0439048 0.106994
-0.0567059 0.00382225 -0.115916
0.0588559 0.0429212 0.106832
-0.0577043 0.00440726 -0.115401
0.0598455 0.0419399 0.106654
-0.0586949 0.00498172 -0.114876
0.0608333 0.0420235 0.106063
-0.0596827 0.00440184 -0.114391
0.0618118 0.0410451 0.105864
-0.0606608 0.00496028 -0.113852
0.062784 0.0400693 0.105649
-0.0616362 0.00437463 -0.113351
0.0637554 0.0401484 0.105039
-0.0626028 0.00491691 -0.112797
0.064718 0.0391757 0.104802
-0.063567 0.00432566 -0.112282
0.0656788 0.0392495 0.104177
-0.0645228 0.00485164 -0.111713
0.0666328 0.03828 0.103917
-0.0654771 0.00425494 -0.111182
0.0675816 0.0373134 0.103641
-0.0664231 0.00476445 -0.110597
0.0685306 0.0373815 0.102993
-0.0673685 0.00416244 -0.110049
0.0694723 0.0364181 0.102694
-0.0683055 0.0046553 -0.109449
0.0704136 0.0364798 0.10203
-0.0692432 0.00404811 -0.108883
0.071349 0.0355194 0.101706
-0.0701761 0.00344127 -0.108306
0.0722799 0.0345622 0.101364
-0.0711028 0.00391192 -0.107683
0.0732135 0.0346168 0.100676
-0.0720295 0.00330021 -0.107086
0.0741393 0.0336626 0.100309
-0.0729489 0.00375379 -0.106445
0.0750676 0.0337094 0.0996025
-0.0738703 0.00313738 -0.105829
0.0759889 0.0327582 0.0992083
-0.0747879 0.00252183 -0.1052
0.0769126 0.0327967 0.0984833
-0.0756995 0.00295276 -0.104533
0.0778299 0.0318483 0.0980614
-0.0766129 0.00233289 -0.103882
0.0787495 0.031878 0.0973167
-0.077523 0.00171426 -0.103218
0.0796632 0.0309322 0.096866
-0.0784277 0.00212237 -0.102523
0.0805792 0.0309526 0.0961006
-0.0793343 0.00149989 -0.101835
0.0814895 0.0300094 0.0956202
-0.0802381 0.000879095 -0.101132
0.0824022 0.0300198 0.0948333
-0.0811361 0.00126431 -0.100407
0.0833092 0.0290792 0.0943221
-0.0820367 0.000640228 -0.0996796
0.0842186 0.0290792 0.0935129
-0.0829346 1.83402e-05 -0.0989367
0.085122 0.0281413 0.09297
-0.0838258 0.00038068 -0.0981789
0.086028 0.0281303 0.0921375
-0.0847205 -0.000243808 -0.09741
0.0869277 0.0271952 0.0915621
-0.0856124 -0.000865513 -0.0966246
0.08783 0.0271729 0.0907056
-0.0865014 -0.00148417 -0.0958225
0.0887253 0.0262408 0.0900968
-0.0873841 -0.00114937 -0.0950198
0.0896234 0.0262068 0.0892156
-0.0882693 -0.0017694 -0.0941901
0.0905137 0.0252779 0.0885727
-0.0891512 -0.00238569 -0.093343
0.0914069 0.025232 0.0876663
-0.0900297 -0.00299792 -0.0924787
0.0922912 0.0243068 0.0869887
-0.0909011 -0.00268965 -0.0916284
0.0931786 0.0242488 0.0860567
-0.0917743 -0.00330177 -0.0907351
0.0940559 0.0233277 0.085344
-0.0926435 -0.00390903 -0.0898242
0.0949363 0.0232576 0.0843861
-0.0935083 -0.0045111 -0.0888955
0.0958105 0.0231766 0.0834156
-0.0943641 -0.00422788 -0.0879961
0.0966776 0.0222592 0.0826542
-0.0952215 -0.00482809 -0.0870381
0.0975428 0.022166 0.0816578
-0.0960737 -0.00542222 -0.0860624
0.0983995 0.0212544 0.080861
-0.0969202 -0.00600988 -0.0850692
0.0992542 0.0211494 0.079839
-0.0977609 -0.00659071 -0.0840584
0.100099 0.0202444 0.0790071
-0.0985911 -0.00633369 -0.0830984
0.100941 0.020128 0.07796
-0.0994208 -0.00691016 -0.082059
0.101772 0.0192308 0.0770934
-0.100243 -0.00747885 -0.0810027
0.102601 0.0191035 0.0760219
-0.101058 -0.00803939 -0.0799296
0.103417 0.0182153 0.0751215
-0.101866 -0.00859139 -0.0788402
0.104229 0.0180777 0.0740265
-0.10266 -0.00835669 -0.0778229
0.105028 0.0171998 0.0730933
-0.103452 -0.00890172 -0.0767072
0.105823 0.0170528 0.0719759
-0.104235 -0.00943728 -0.0755761
0.106602 0.0161865 0.0710113
-0.105008 -0.00996303 -0.07443
0.107378 0.0160311 0.069873
-0.105771 -0.0104786 -0.0732695
0.108136 0.0151779 0.0688784
-0.106524 -0.0109837 -0.072095
0.108891 0.015015 0.0677207
-0.107262 -0.0107684 -0.0710196
0.109626 0.0141766 0.066698
-0.107995 -0.0112636 -0.0698238
0.110357 0.0140073 0.0655229
-0.108716 -0.0117476 -0.0686156
0.111069 0.0131852 0.0644739
-0.109425 -0.01222 -0.0673956
0.111775 0.0130107 0.0632833
-0.110121 -0.0126807 -0.0661645
0.112467 0.0128281 0.0620867
-0.110805 -0.0131293 -0.064923
0.113141 0.0120282 0.0610064
-0.111471 -0.0129283 -0.0638058
0.113806 0.0118422 0.0597976
-0.112131 -0.0133649 -0.0625497
0.114453 0.0110626 0.0586967
-0.112776 -0.0137889 -0.0612851
0.115089 0.0108746 0.057478
-0.113408 -0.0142003 -0.0600126
0.115708 0.0101168 0.056359
-0.114025 -0.0145989 -0.058733
0.116315 0.00992805 0.0551326
-0.114629 -0.0149846 -0.0574469
0.116903 0.0091937 0.053998
-0.115212 -0.0147949 -0.0563082
0.117481 0.0090054 0.0527663
-0.115788 -0.0151675 -0.0550152
0.118039 0.00829588 0.0516186
-0.116349 -0.015527 -0.0537178
0.118586 0.0081093 0.0503839
-0.116894 -0.0158735 -0.0524166
0.119114 0.00742596 0.0492255
-0.117425 -0.0162068 -0.0511123
0.11963 0.00724224 0.04799
-0.11794 -0.0165271 -0.0498057
0.120127 0.0065863 0.0468234
-0.118435 -0.0163486 -0.0486659
0.120613 0.00640654 0.0455891
-0.118922 -0.0166559 -0.0473594
0.121079 0.00577909 0.0444166
-0.119393 -0.0169504 -0.0460522
0.121534 0.00560427 0.0431854
-0.11985 -0.0172322 -0.0447449
0.121969 0.00500628 0.0420092
-0.120291 -0.0175012 -0.043438
0.122393 0.0048373 0.0407828
-0.120716 -0.0177576 -0.0421321
0.122799 0.0042696 0.0396048
-0.121122 -0.0175925 -0.0410087
0.123193 0.00410725 0.0383848
-0.12152 -0.0178373 -0.0397085
0.123569 0.00357052 0.0372067
-0.121903 -0.0180699 -0.0384106
0.123927 0.00305539 0.0360266
-0.122271 -0.0182905 -0.0371152
0.12428 0.00291029 0.0348178
-0.122625 -0.0184994 -0.0358227
0.12461 0.00242691 0.0336401
-0.122964 -0.0186967 -0.0345335
0.124935 0.00228996 0.0324405
-0.123285 -0.0185491 -0.0334385
0.125237 0.0018387 0.0312663
-0.123598 -0.0187365 -0.0321586
0.125534 0.00171032 0.0300766
-0.123897 -0.0189128 -0.0308825
0.12581 0.00129144 0.0289069
-0.124182 -0.0190783 -0.0296105
0.12608 0.001172 0.0277275
-0.124454 -0.0192332 -0.0283428
0.12633 0.000785686 0.0265631
-0.124707 -0.0191058 -0.0272756
0.126575 0.000675468 0.0253943
-0.124954 -0.0192525 -0.0260182
0.126799 0.000321793 0.0242357
-0.125188 -0.0193891 -0.0247652
0.127019 0.000221014 0.0230774
-0.12541 -0.0195158 -0.0235166
0.12722 -9.99966e-05 0.0219248
-0.125619 -0.0196328 -0.0222725
0.127416 -0.000191179 0.0207768
-0.12581 -0.0195289 -0.021233
0.127594 -0.000479558 0.0196304
-0.125997 -0.0196394 -0.0199988
0.127767 -0.000561035 0.0184922
-0.126171 -0.0197406 -0.0187688
0.127922 -0.000816854 0.0173518
-0.126334 -0.0198329 -0.0175429
0.128073 -0.000888556 0.0162229
-0.126485 -0.0199162 -0.0163209
0.128207 -0.00111191 0.0150883
-0.126619 -0.0198388 -0.0153059
0.128336 -0.0011738 0.0139678
-0.126749 -0.019917 -0.0140921
0.128449 -0.00136481 0.0128386
-0.126868 -0.0199868 -0.0128817
0.128558 -0.00141687 0.0117256
-0.126976 -0.0200482 -0.0116745
0.128651 -0.00157564 0.0106011
-0.127073 -0.0201014 -0.0104702
0.12874 -0.00161787 0.00949465
-0.127154 -0.0200528 -0.0094737
0.128813 -0.00174452 0.00837418
-0.127232 -0.0201018 -0.00827505
0.128882 -0.00177692 0.00727307
-0.127299 -0.0201429 -0.00707852
0.128937 -0.00187155 0.00615588
-0.127355 -0.0201762 -0.00588384
0.128986 -0.00189414 0.00505886
-0.127401 -0.0202016 -0.00469073
0.129023 -0.00195683 0.0039441
-0.127432 -0.0201833 -0.00370499
0.129053 -0.00196961 0.00284987
-0.12746 -0.0202051 -0.00251432
0.129071 -0.00200041 0.00173663
-0.127477 -0.0202193 -0.00132426
0.129076 -0.00200973 0.000623741
-0.127483 -0.0202258 -0.000134508
0.129082 -0.00200234 -0.000468814
-0.127474 -0.0202342 0.000848845
0.129069 -0.0019798 -0.00158143
-0.127462 -0.0202373 0.0020389
0.129056 -0.00196261 -0.00267455
-0.12744 -0.0202327 0.00322963
0.129024 -0.00190819 -0.00378784
-0.127407 -0.0202204 0.00442132
0.128992 -0.00188118 -0.00488287
-0.127364 -0.0202004 0.00561428
0.128943 -0.00179485 -0.00599778
-0.127305 -0.0202396 0.00660265
0.128891 -0.00175799 -0.00709606
-0.127243 -0.0202159 0.00779929
0.128823 -0.00163966 -0.00821346
-0.127171 -0.0201843 0.00899813
0.128752 -0.00159294 -0.00931626
-0.127088 -0.0201447 0.0101994
0.128665 -0.00144252 -0.010437
-0.126993 -0.020097 0.0114034
0.128574 -0.00138592 -0.0115455
-0.126884 -0.0201661 0.0124052
0.128467 -0.00120329 -0.0126703
-0.12677 -0.0201141 0.0136159
0.128356 -0.0011368 -0.0137857
-0.126645 -0.0200536 0.0148301
0.128228 -0.000921843 -0.0149152
-0.126508 -0.0199845 0.0160478
0.128096 -0.000845447 -0.0160384
-0.12636 -0.0199068 0.0172695
0.127948 -0.000598046 -0.0171731
-0.126196 -0.0200042 0.0182919
0.127794 -0.000511768 -0.0183051
-0.126027 -0.019921 0.0195226
0.127624 -0.000231808 -0.0194454
-0.125846 -0.0198287 0.0207575
0.127447 -0.000135692 -0.0205867
-0.125652 -0.019727 0.0219968
0.127254 0.000176917 -0.0217329
-0.125446 -0.0196159 0.0232406
0.127055 0.000282791 -0.0228842
-0.125223 -0.019739 0.0242888
0.126838 0.000628106 -0.0240361
-0.124994 -0.0196209 0.0255428
0.126614 0.000743614 -0.0251978
-0.124752 -0.0194928 0.0268014
0.126374 0.00112165 -0.0263554
-0.124497 -0.0193545 0.0280645
0.126124 0.00124661 -0.0275276
-0.124228 -0.0192058 0.029332
0.125858 0.0016573 -0.0286905
-0.123942 -0.0193515 0.0304082
0.125583 0.00179148 -0.029873
-0.123648 -0.0191941 0.0316859
0.125291 0.00223471 -0.0310406
-0.12334 -0.0190258 0.0329677
0.124982 0.00269999 -0.032208
-0.123019 -0.0188462 0.0342534
0.124669 0.00285334 -0.0334047
-0.122683 -0.0186553 0.0355427
0.124333 0.00335081 -0.0345753
-0.122326 -0.0188203 0.0366456
0.123991 0.00351247 -0.0357812
-0.121963 -0.018619 0.0379434
0.123626 0.00404176 -0.0369537
-0.121586 -0.0184058 0.0392441
0.123256 0.00421118 -0.0381679
-0.121193 -0.0181806 0.0405471
0.122862 0.00477179 -0.039341
-0.120786 -0.0179431 0.0418522
0.122461 0.00494832 -0.0405623
-0.120363 -0.0176932 0.0431588
0.122037 0.00553963 -0.0417344
-0.11992 -0.0178745 0.0442869
0.121607 0.00572253 -0.0429614
-0.119469 -0.0176125 0.0455979
0.121153 0.00634376 -0.0441306
-0.119003 -0.0173378 0.0469091
0.120691 0.00653218 -0.0453617
-0.118521 -0.0170501 0.0482199
0.120206 0.00718244 -0.0465261
-0.118024 -0.0167495 0.0495297
0.119714 0.00737542 -0.0477595
-0.117512 -0.0164359 0.0508378
0.119198 0.00805368 -0.0489167
-0.11698 -0.0166298 0.0519773
0.118675 0.00825017 -0.0501504
-0.116439 -0.016303 0.0532837
0.118129 0.00895524 -0.0512983
-0.115884 -0.0159632 0.0545866
0.117575 0.00915411 -0.0525302
-0.115313 -0.0156102 0.0558854
0.116998 0.00988471 -0.0536662
-0.114727 -0.0152441 0.0571794
0.116413 0.0100848 -0.0548942
-0.114127 -0.014865 0.0584677
0.115807 0.0108395 -0.0560158
-0.113508 -0.0150697 0.0596
0.115193 0.0110394 -0.0572375
-0.112881 -0.0146776 0.0608793
0.114557 0.0118168 -0.0583423
-0.11224 -0.0142727 0.062151
0.113914 0.0120153 -0.0595554
-0.111585 -0.0138552 0.0634144
0.11325 0.0128137 -0.0606408
-0.110917 -0.0134252 0.0646689
0.112579 0.0130096 -0.0618431
-0.110236 -0.0129828 0.0659137
0.111888 0.0138273 -0.0629068
-0.109537 -0.0131992 0.0670179
0.111191 0.0140192 -0.064096
-0.108833 -0.0127452 0.0682461
0.110474 0.0148547 -0.0651356
-0.108116 -0.0122795 0.0694628
0.109752 0.0150413 -0.0663096
-0.107388 -0.0118023 0.0706674
0.10901 0.0158929 -0.0673229
-0.106648 -0.0113139 0.0718592
0.108265 0.016073 -0.0684797
-0.105898 -0.0108146 0.0730378
0.107506 0.0162436 -0.069628
-0.105132 -0.0110462 0.0740946
0.106734 0.0171115 -0.0706026
-0.104363 -0.0105376 0.0752501
0.105955 0.017274 -0.071731
-0.103584 -0.0100189 0.076391
0.105162 0.0181541 -0.0726748
-0.102796 -0.00949051 0.0775166
0.104364 0.0183075 -0.0737817
-0.101999 -0.00895274 0.0786266
0.103553 0.0191984 -0.0746934
-0.101194 -0.00840595 0.0797207
0.102738 0.0193418 -0.0757776
-0.100377 -0.00865809 0.0807152
0.101911 0.0202422 -0.076656
-0.0995586 -0.00810502 0.081782
0.101081 0.0203748 -0.0777163
-0.0987327 -0.00754387 0.0828319
0.100238 0.0212833 -0.0785605
-0.0979001 -0.00697502 0.0838648
0.0993952 0.0214046 -0.0795961
-0.0970611 -0.00639885 0.0848805
0.0985402 0.02232 -0.0804054
-0.0962129 -0.0066742 0.0858158
0.0976855 0.0224294 -0.0814158
-0.0953644 -0.00609433 0.0868024
0.0968192 0.0233508 -0.0821898
-0.0945106 -0.00550807 0.0877714
0.0959546 0.0234481 -0.0831745
-0.0936518 -0.00491579 0.0887227
0.0950787 0.0243746 -0.083913
-0.0927842 -0.00521416 0.0896085
0.0942056 0.0244594 -0.084872
-0.0919186 -0.00462007 0.0905305
0.0933264 0.0245332 -0.0858185
-0.0910489 -0.00402083 0.0914349
0.0924412 0.0254625 -0.0865084
-0.0901754 -0.00341678 0.0923218
0.0915555 0.025524 -0.0874292
-0.0892982 -0.00280824 0.0931912
0.0906639 0.0264569 -0.0880841
-0.0884153 -0.00313583 0.0940165
0.0897728 0.0265061 -0.0889795
-0.0875337 -0.00252765 0.0948574
0.0888757 0.0274422 -0.0895999
-0.0866489 -0.00191573 0.0956813
0.0879799 0.0274793 -0.0904704
-0.0857572 -0.00226518 0.0964704
0.0870783 0.0284182 -0.0910571
-0.0848689 -0.00165461 0.0972669
0.0861785 0.0284436 -0.0919033
-0.0839778 -0.001041 0.0980469
0.0852729 0.029385 -0.0924568
-0.083084 -0.000424595 0.0988106
0.0843695 0.029399 -0.0932795
-0.0821846 -0.000801238 0.0995552
0.0834604 0.0303429 -0.0938008
-0.0812877 -0.000187367 0.100293
0.0825537 0.030346 -0.0946006
-0.0803881 0.000428716 0.101016
0.0816413 0.0312922 -0.0950907
-0.0794824 2.95176e-05 0.101728
0.0807312 0.0312848 -0.0958685
-0.0785797 0.000642403 0.102427
0.0798156 0.0322333 -0.0963283
-0.077674 0.001257 0.103111
0.0789022 0.032216 -0.0970851
-0.076762 0.000835233 0.103793
0.0779832 0.033167 -0.0975155
-0.0758528 0.00144608 0.104454
0.077066 0.0331403 -0.0982521
-0.0749402 0.0020582 0.105102
0.0761435 0.0340937 -0.0986541
-0.0740215 0.00161396 0.105757
0.0752219 0.0340582 -0.0993715
-0.0731045 0.00222187 0.106383
0.0742954 0.0350142 -0.0997462
-0.0721836 0.00283069 0.106996
0.0733689 0.0349706 -0.100445
-0.0712571 0.00236411 0.107626
0.0724378 0.0359293 -0.100793
-0.0703306 0.00296833 0.108219
0.0715025 0.036891 -0.101124
-0.0693967 0.00248494 0.108831
0.0705693 0.0368395 -0.101798
-0.0684638 0.00308441 0.109406
0.0696284 0.037804 -0.102103
-0.0675257 0.00368426 0.10997
0.068688 0.0377456 -0.102761
-0.0665816 0.00317895 0.110559
0.0677407 0.0387131 -0.103042
-0.0656354 0.00377373 0.111106
0.0667921 0.0386483 -0.103684
-0.0646822 0.003252 0.111679
0.0658375 0.0396187 -0.103942
-0.0637268 0.00384156 0.112209
0.0648775 0.0405918 -0.104183
-0.0627636 0.00330357 0.112767
0.0639165 0.0405215 -0.104803
-0.0617979 0.00388776 0.113281
0.0629478 0.0414976 -0.105023
-0.0608239 0.00333368 0.113824
0.0619731 0.0424762 -0.105226
-0.0598465 0.00391234 0.114323
0.0609969 0.0424009 -0.105825
-0.0588608 0.00334229 0.114851
0.060012 0.0433823 -0.106007
-0.0578677 0.00276171 0.115369
0.0590205 0.0443659 -0.106174
-0.0568723 0.00332935 0.115849
0.0580262 0.0442861 -0.106753
-0.0558663 0.00273305 0.116353
0.057023 0.0452722 -0.106898
-0.054856 0.00329477 0.116819
0.0560126 0.0462602 -0.107029
-0.0538362 0.00268283 0.117308
0.054995 0.0472498 -0.107144
-0.0528083 0.00206069 0.117786
0.0539737 0.0471661 -0.107698
-0.0517754 0.0026109 0.118234
0.0529424 0.0481575 -0.107792
-0.0507326 0.00197329 0.118697
0.0519034 0.04915 -0.107871
-0.0496813 0.00132568 0.119149
0.0508565 0.0501434 -0.107935
-0.0486217 0.000668196 0.119591
0.0498018 0.0511374 -0.107983
-0.0475562 0.00120112 0.120015
0.0487391 0.0521318 -0.108017
-0.0464805 0.000528401 0.120441
0.0476684 0.0531263 -0.108036
-0.0453961 -0.000153996 0.120855
0.0465897 0.0541206 -0.108039
-0.0443033 -0.000845959 0.121256
0.0455029 0.0551143 -0.108028
-0.0432021 -0.00154737 0.121646
0.0444081 0.0561071 -0.108001
-0.0420925 -0.00225811 0.122024
0.0433053 0.0570987 -0.107958
-0.0409746 -0.00297806 0.122388
0.0421945 0.0580887 -0.107901
-0.0398486 -0.00370707 0.122739
0.0410759 0.0590768 -0.107827
-0.0387147 -0.00444501 0.123077
0.0399495 0.0600624 -0.107739
-0.0375718 -0.00642547 0.123343
0.0388155 0.0610452 -0.107634
-0.0364236 -0.00718387 0.123645
0.0376729 0.0630969 -0.106928
-0.0352681 -0.00795057 0.123933
0.0365259 0.0640713 -0.106784
-0.0341054 -0.00996698 0.124111
0.0353705 0.0661046 -0.106011
-0.0329382 -0.0107523 0.12436
0.0342123 0.0670681 -0.105826
-0.0317653 -0.0127904 0.124469
0.0330475 0.0690791 -0.104987
-0.0305884 -0.0148388 0.124534
0.0318788 0.0710733 -0.104107
-0.0294086 -0.0168963 0.124551
0.0307095 0.0720139 -0.103858
-0.0282274 -0.0189617 0.124522
0.0295356 0.0750054 -0.102224
-0.027046 -0.0210338 0.124445
0.028364 0.0769408 -0.101222
-0.0258651 -0.0243535 0.124076
0.0271943 0.0788538 -0.10018
-0.0246889 -0.0264335 0.123879
0.0260282 0.0807433 -0.0990992
-0.0235178 -0.0297508 0.123333
0.0248678 0.0835837 -0.0972178
-0.0223545 -0.0342849 0.12233
0.0237168 0.0863668 -0.0952599
-0.0212044 -0.037574 0.121531
0.0225785 0.0890894 -0.0932274
-0.0200693 -0.0420503 0.120192
0.0214565 0.0926559 -0.0902854
-0.018954 -0.0476646 0.118166
0.0203565 0.0961039 -0.0872241
-0.0178652 -0.053184 0.115839
0.0192847 0.0994281 -0.0840483
-0.0168097 -0.0585929 0.113212
0.0182472 0.103426 -0.0798392
-0.0157942 -0.0649751 0.109602
0.0172535 0.107213 -0.0754719
-0.0148289 -0.0721952 0.104803
0.0163133 0.111484 -0.069969
-0.013925 -0.0800681 0.0985883
0.015439 0.116061 -0.0632486
-0.0130956 -0.0883487 0.0907191
0.0146454 0.120167 -0.0562931
-0.0123553 -0.097527 0.0799004
0.0139469 0.124746 -0.0469543
-0.0117213 -0.105485 0.067969
0.0133637 0.128106 -0.0384525
-0.0112089 -0.113184 0.0525712
0.0129105 0.131359 -0.0274925
-0.0108351 -0.118851 0.0361193
0.0126043 0.133521 -0.0163328
-0.010612 -0.12255 0.0175618
0.0124565 0.134621 -0.00389034
-0.010548 -0.123642 -0.00280027
0.0124744 0.134448 0.00742272
-0.0106458 -0.121729 -0.0230864
0.0126559 0.132967 0.019836
-0.0109019 -0.117282 -0.0414386
0.0129945 0.130464 0.0309426
-0.0113066 -0.110957 -0.0575908
0.0134769 0.127288 0.0407148
-0.0118459 -0.103364 -0.0714568
0.0140864 0.123256 0.050245
-0.012504 -0.0950481 -0.0830887
0.0148058 0.118982 0.0584272
-0.0132642 -0.0864779 -0.0926346
0.015618 0.114732 0.0653154
-0.0141105 -0.0780397 -0.100302
0.0165068 0.110017 0.0719601
-0.0150283 -0.0700431 -0.106328
0.0174589 0.105632 0.0773916
-0.0160051 -0.0627281 -0.110956
0.0184632 0.101755 0.0816946
-0.0170301 -0.0562752 -0.114416
0.0195081 0.0976705 0.0858352
-0.0180939 -0.0508154 -0.116917
0.0205871 0.0942806 0.0889533
-0.0191886 -0.0452515 -0.119118
0.0216918 0.0907693 0.0919543
-0.0203074 -0.0395991 -0.121016
0.022818 0.0880867 0.094034
-0.0214469 -0.0363189 -0.121884
0.0239595 0.0853418 0.0960404
-0.0226002 -0.031795 -0.122978
0.0251128 0.0825374 0.0979716
-0.0237649 -0.0284811 -0.123593
0.0262742 0.0796766 0.0998256
-0.0249374 -0.0251601 -0.124101
0.0274421 0.0777749 0.100888
-0.0261145 -0.0218357 -0.124503
0.028612 0.0748275 0.102607
-0.0272958 -0.0197584 -0.124604
0.0297846 0.0728713 0.103572
-0.0284777 -0.0176871 -0.124656
0.0309566 0.070895 0.104498
-0.0296589 -0.0156232 -0.124661
0.0321264 0.0689001 0.105382
-0.030838 -0.0135678 -0.124619
0.033295 0.0679471 0.105596
-0.0320137 -0.0115221 -0.124531
0.0344579 0.0659271 0.106414
-0.0331848 -0.00948706 -0.124398
0.0356151 0.0638921 0.10719
-0.0343524 -0.00870566 -0.124138
0.0367692 0.0629197 0.10734
-0.0355123 -0.0066932 -0.123937
0.0379162 0.0619432 0.107473
-0.0366675 -0.00593084 -0.12364
0.039055 0.0598843 0.108159
-0.0378152 -0.00517695 -0.123328
0.0401884 0.0589 0.108252
-0.038954 -0.00320147 -0.12304
0.041314 0.0579131 0.10833
-0.0400869 -0.00246844 -0.122693
0.0424316 0.0569241 0.108392
-0.0412115 -0.00174449 -0.122332
0.0435388 0.0548463 0.108962
-0.0423278 -0.00102976 -0.121959
0.0446405 0.0538538 0.108984
-0.0434357 -0.000324363 -0.121572
0.0457339 0.0528605 0.108991
-0.044535 0.000371567 -0.121174
0.0468189 0.0518666 0.108983
-0.0456257 0.00105792 -0.120763
0.0478954 0.0508725 0.10896
-0.0467076 0.00173457 -0.120341
0.0489666 0.0509654 0.108442
-0.0477809 0.00240142 -0.119907
0.0500271 0.0499714 0.108397
-0.0488482 0.00186361 -0.119487
0.0510795 0.048978 0.108337
-0.0499051 0.00251507 -0.119037
0.0521239 0.0479854 0.108263
-0.0509535 0.00315652 -0.118577
0.0531603 0.0469939 0.108172
-0.0519933 0.00378787 -0.118105
0.0541889 0.0460037 0.108067
-0.0530279 0.00323258 -0.117662
0.0552131 0.0460923 0.107513
-0.0540526 0.0038483 -0.117176
0.0562278 0.0451041 0.107386
-0.055069 0.00445372 -0.116679
0.0572352 0.0441178 0.107245
-0.0560811 0.00388676 -0.116217
0.0582355 0.0431334 0.107089
-0.0570835 0.00447638 -0.115707
0.0592326 0.0432184 0.106509
-0.058078 0.00505548 -0.115186
0.060221 0.0422368 0.106331
-0.0590702 0.00447713 -0.114705
0.0612026 0.0412576 0.106138
-0.0600519 0.00504023 -0.11417
0.0621819 0.0413382 0.105538
-0.0610312 0.00445605 -0.113675
0.0631532 0.040362 0.105323
-0.0620011 0.00500303 -0.113125
0.0641185 0.0393885 0.105093
-0.0629688 0.00441319 -0.112615
0.0650827 0.0394644 0.104472
-0.0639277 0.0049439 -0.11205
0.0660391 0.038494 0.104219
-0.0648851 0.00434855 -0.111524
0.0669901 0.0375266 0.10395
-0.0658339 0.00486284 -0.110944
0.0679421 0.037597 0.103307
-0.0667821 0.00426213 -0.110402
0.0688856 0.0366328 0.103014
-0.0677216 0.00475982 -0.109806
0.0698295 0.036697 0.102356
-0.0686618 0.00415388 -0.109247
0.0707665 0.0357358 0.102039
-0.0695969 0.00354822 -0.108676
0.0717033 0.0357933 0.101364
-0.0705258 0.00402375 -0.108057
0.0726348 0.0348351 0.101022
-0.0714545 0.00341317 -0.107467
0.0735618 0.0338803 0.100662
-0.0723759 0.00387169 -0.106832
0.074492 0.03393 0.0999615
-0.073299 0.00325634 -0.106222
0.0754144 0.0329781 0.0995752
-0.0742182 0.00264178 -0.1056
0.0763396 0.0330197 0.0988562
-0.0751315 0.0030777 -0.104939
0.0772579 0.0320706 0.0984424
-0.0760463 0.00245875 -0.104295
0.078179 0.0321037 0.097704
-0.0769578 0.00184096 -0.103638
0.0790935 0.0311573 0.0972617
-0.0778641 0.0022541 -0.102949
0.0800109 0.0311811 0.0965029
-0.0787719 0.00163236 -0.102269
0.080922 0.0302374 0.0960313
-0.0796768 0.00101222 -0.101574
0.0818359 0.0302515 0.0952512
-0.0805765 0.00140249 -0.100855
0.0827437 0.0293104 0.0947491
-0.0814782 0.000778942 -0.100136
0.0836544 0.0293142 0.0939469
-0.0823772 0.000157488 -0.0994013
0.0845587 0.0283758 0.0934135
-0.0832701 0.000524872 -0.0986505
0.085466 0.0283688 0.0925883
-0.084166 -9.93241e-05 -0.0978901
0.0863666 0.0274331 0.0920225
-0.0850591 -0.00072086 -0.0971134
0.0872704 0.0274149 0.0911735
-0.0859493 -0.00133947 -0.0963202
0.0881668 0.0264822 0.0905746
-0.086834 -0.000999704 -0.0955251
0.0890666 0.0264524 0.0897012
-0.0877206 -0.00161988 -0.0947043
0.0899582 0.0255229 0.0890684
-0.088604 -0.00223645 -0.0938665
0.0908533 0.0254813 0.0881699
-0.0894841 -0.00284911 -0.0930114
0.0917393 0.0245553 0.0875026
-0.0903582 -0.00253601 -0.092169
0.0926288 0.0245016 0.0865785
-0.0912333 -0.00314879 -0.0912851
0.0935082 0.0235796 0.0858762
-0.0921045 -0.00375687 -0.0903836
0.0943911 0.0235139 0.0849264
-0.0929715 -0.00435993 -0.0894645
0.0952681 0.0234373 0.0839639
-0.0938308 -0.00407209 -0.088573
0.0961378 0.0225187 0.0832129
-0.0946907 -0.00467356 -0.0876245
0.0970062 0.0224299 0.0822246
-0.0955457 -0.00526911 -0.0866583
0.097866 0.0215168 0.0814382
-0.0963953 -0.00585839 -0.0856745
0.0987244 0.0214161 0.0804241
-0.0972392 -0.00644102 -0.0846732
0.0995727 0.0205095 0.0796025
-0.0980741 -0.00617976 -0.0837208
0.100419 0.0203972 0.0785631
-0.0989074 -0.00675832 -0.0826907
0.101255 0.019498 0.0777067
-0.099734 -0.00732929 -0.0816434
0.102088 0.0193747 0.0766426
-0.100553 -0.0078923 -0.0805793
0.102908 0.0184841 0.0757521
-0.101365 -0.00844696 -0.0794986
0.103727 0.0183503 0.0746641
-0.102165 -0.00820845 -0.0784884
0.10453 0.0174696 0.0737405
-0.102962 -0.00875643 -0.0773811
0.105331 0.0173262 0.0726298
-0.103751 -0.00929513 -0.0762582
0.106116 0.0164567 0.0716743
-0.104529 -0.00982419 -0.07512
0.106898 0.0163044 0.0705422
-0.105299 -0.0103433 -0.0739671
0.107663 0.0154477 0.0695563
-0.106053 -0.0101235 -0.0729059
0.108425 0.0152876 0.0684044
-0.106803 -0.0106334 -0.0717302
0.109173 0.0151183 0.067244
-0.107542 -0.0111325 -0.0705411
0.109906 0.0142784 0.0662197
-0.10827 -0.0116205 -0.0693393
0.110631 0.0141028 0.0650422
-0.108986 -0.0120971 -0.0681254
0.11134 0.0132794 0.063992
-0.10969 -0.0125621 -0.0669
0.112039 0.0130989 0.0627996
-0.110377 -0.0123579 -0.0657921
0.112722 0.0122937 0.0617257
-0.111057 -0.0128112 -0.0645502
0.113395 0.0121094 0.0605203
-0.111724 -0.0132524 -0.0632987
0.114051 0.0113239 0.0594251
-0.112378 -0.0136811 -0.0620382
0.114696 0.0111372 0.0582091
-0.113018 -0.0140972 -0.0607694
0.115323 0.0103731 0.057095
-0.113644 -0.0145006 -0.0594931
0.11594 0.0101852 0.0558706
-0.11425 -0.0143083 -0.0583581
0.116538 0.00944414 0.0547401
-0.114849 -0.0146987 -0.0570728
0.117125 0.00925632 0.0535097
-0.115434 -0.0150762 -0.0557819
0.117692 0.00853964 0.0523653
-0.116003 -0.0154406 -0.0544862
0.118249 0.00835316 0.0511312
-0.116558 -0.0157919 -0.0531864
0.118786 0.00766226 0.0499755
-0.117097 -0.0161302 -0.0518831
0.119312 0.0074783 0.0487399
-0.117616 -0.0159487 -0.0507417
0.119818 0.00681444 0.0475752
-0.118127 -0.0162739 -0.0494367
0.120314 0.00663411 0.0463402
-0.118623 -0.0165861 -0.0481302
0.120789 0.00599842 0.0451689
-0.119104 -0.0168854 -0.0468226
0.121254 0.00582273 0.0439364
-0.119569 -0.0171718 -0.0455145
0.121698 0.00521622 0.0427608
-0.120019 -0.0174454 -0.0442066
0.122132 0.00504609 0.0415326
-0.120448 -0.0172765 -0.0430773
0.122547 0.00446962 0.0403546
-0.12087 -0.0175381 -0.0417739
0.122951 0.00430589 0.0391324
-0.121277 -0.0177872 -0.0404719
0.123335 0.0037602 0.0379538
-0.121668 -0.0180242 -0.0391719
0.123709 0.00360358 0.0367389
-0.122045 -0.018249 -0.0378743
0.124065 0.00308926 0.0355614
-0.122407 -0.018462 -0.0365794
0.12441 0.00294038 0.0343549
-0.12275 -0.0183094 -0.0354759
0.124737 0.0024579 0.0331798
-0.123086 -0.018512 -0.0341896
0.125054 0.00231729 0.0319826
-0.123407 -0.0187032 -0.0329068
0.125353 0.001867 0.0308112
-0.123714 -0.0188832 -0.0316278
0.125637 0.00143877 0.0296398
-0.124007 -0.0190523 -0.0303528
0.125916 0.00131725 0.0284571
-0.124281 -0.0189187 -0.0292763
0.126173 0.000921518 0.0272908
-0.124549 -0.0190791 -0.0280115
0.126426 0.000809134 0.0261185
-0.124804 -0.0192291 -0.0267509
0.126658 0.000446026 0.0249579
-0.125046 -0.0193688 -0.0254948
0.126886 0.000343014 0.0237962
-0.125275 -0.0194985 -0.0242431
0.127094 1.25652e-05 0.0226416
-0.125491 -0.0196184 -0.022996
0.127297 -8.08995e-05 0.0214903
-0.125691 -0.0195101 -0.0219533
0.127482 -0.000378705 0.0203418
-0.125884 -0.0196234 -0.0207161
0.127662 -0.0004625 0.0192006
-0.126066 -0.0197273 -0.0194832
0.127824 -0.000727724 0.0180582
-0.126235 -0.019822 -0.0182545
0.127982 -0.000801768 0.0169264
-0.126393 -0.0199079 -0.0170299
0.128122 -0.0010345 0.0157899
-0.126535 -0.0198258 -0.0160122
0.128258 -0.00109874 0.0146669
-0.126672 -0.0199063 -0.014796
0.128378 -0.0012991 0.0135359
-0.126797 -0.0199783 -0.0135834
0.128493 -0.00135352 0.0124207
-0.126911 -0.0200418 -0.012374
0.128592 -0.0015216 0.0112946
-0.127009 -0.0199844 -0.0113722
0.128687 -0.0015662 0.0101863
-0.127103 -0.0200436 -0.0101695
0.128767 -0.00170213 0.00906453
-0.127187 -0.0200947 -0.00896922
0.128842 -0.0017369 0.00796187
-0.12726 -0.0201377 -0.00777128
0.128902 -0.00184078 0.00684368
-0.127322 -0.0201729 -0.00657539
0.128958 -0.00186574 0.00574551
-0.127369 -0.0201453 -0.00558705
0.129 -0.00193766 0.00463004
-0.127413 -0.0201768 -0.00439467
0.129036 -0.0019528 0.00353508
-0.127446 -0.0202005 -0.0032034
0.129059 -0.00199283 0.00242144
-0.127469 -0.0202165 -0.00201295
0.129077 -0.00199817 0.00132835
-0.127481 -0.0202248 -0.000823018
0.129082 -0.00200634 0.000215606
-0.127479 -0.0202281 0.000160338
0.129081 -0.00200188 -0.000876976
-0.127473 -0.020233 0.00135014
0.129067 -0.00197819 -0.00198977
-0.127456 -0.0202302 0.00254042
0.129042 -0.001933 -0.00310273
-0.12743 -0.0202197 0.00373145
0.129016 -0.00190836 -0.004197
-0.127392 -0.0202016 0.00492355
0.128971 -0.00183127 -0.00531126
-0.127341 -0.0202358 0.00591086
0.128927 -0.00179679 -0.00640837
-0.127285 -0.0202139 0.00710623
0.128864 -0.00168773 -0.00752484
-0.127219 -0.0201843 0.0083036
0.128799 -0.0016434 -0.00862607
-0.127142 -0.0201467 0.00950323
0.128717 -0.00150227 -0.00974559
-0.127048 -0.020207 0.0104998
0.128634 -0.00144805 -0.0108522
-0.126951 -0.0201653 0.0117052
0.128532 -0.00127475 -0.0119755
-0.126844 -0.0201154 0.0129137
0.128428 -0.00121064 -0.0130886
-0.126725 -0.0200571 0.0141256
0.128306 -0.00100505 -0.0142165
-0.126595 -0.0199904 0.0153409
0.128181 -0.000931039 -0.0153371
-0.126449 -0.0200796 0.0163559
0.128039 -0.000693036 -0.01647
-0.126298 -0.0200078 0.0175796
0.127892 -0.000609126 -0.0175991
-0.126136 -0.0199271 0.0188074
0.127729 -0.000338593 -0.0187375
-0.125961 -0.0198374 0.0200394
0.12756 -0.000244822 -0.0198758
-0.125775 -0.0197385 0.0212757
0.127374 5.8338e-05 -0.0210199
-0.125571 -0.0198543 0.0223151
0.127182 0.000161903 -0.022168
-0.125362 -0.0197489 0.0235614
0.126972 0.000497759 -0.023318
-0.12514 -0.0196339 0.0248123
0.126756 0.000611008 -0.0244763
-0.124906 -0.0195089 0.0260678
0.126523 0.000979587 -0.025632
-0.124658 -0.0193738 0.0273277
0.126282 0.00110236 -0.0268008
-0.124392 -0.0195134 0.0283947
0.126024 0.00150363 -0.0279619
-0.12412 -0.0193702 0.029665
0.125757 0.0016357 -0.0291411
-0.123834 -0.0192164 0.0309397
0.125473 0.00206956 -0.0303071
-0.123535 -0.0190517 0.0322186
0.125179 0.00221064 -0.0314965
-0.123221 -0.0188759 0.0335014
0.124868 0.00267691 -0.0326666
-0.122894 -0.0186889 0.034788
0.124546 0.00282662 -0.0338658
-0.122548 -0.0188503 0.0358879
0.124207 0.00332501 -0.035039
-0.122193 -0.0186531 0.0371834
0.123858 0.00348289 -0.0362472
-0.121824 -0.0184441 0.0384818
0.12349 0.004013 -0.0374223
-0.12144 -0.0182232 0.0397828
0.123105 0.00456466 -0.0385951
-0.121042 -0.0179901 0.0410861
0.122714 0.00473981 -0.0398142
-0.120623 -0.0181676 0.0422084
0.122299 0.00532238 -0.0409865
-0.120196 -0.0179229 0.0435175
0.121878 0.00550415 -0.0422117
-0.119754 -0.0176655 0.0448275
0.121434 0.00611689 -0.0433817
-0.119296 -0.0173954 0.0461379
0.120982 0.00630446 -0.0446116
-0.118824 -0.0171125 0.0474483
0.120506 0.00694652 -0.0457773
-0.118336 -0.0168167 0.048758
0.120024 0.00713896 -0.04701
-0.117828 -0.0170077 0.0498961
0.119518 0.00780935 -0.0481693
-0.117311 -0.016699 0.0512058
0.119004 0.00800563 -0.0494031
-0.116779 -0.0163772 0.0525132
0.118467 0.00870322 -0.0505537
-0.116232 -0.0160422 0.0538175
0.117923 0.00890224 -0.0517863
-0.115671 -0.0156942 0.0551181
0.117355 0.00962576 -0.0529258
-0.115094 -0.015333 0.0564142
0.116781 0.00982633 -0.0541551
-0.114497 -0.0155351 0.0575504
0.116183 0.0105744 -0.055281
-0.113893 -0.0151607 0.0588394
0.115578 0.0107753 -0.0565048
-0.113275 -0.0147735 0.0601221
0.114951 0.0115464 -0.0576146
-0.112642 -0.0143733 0.0613975
0.114317 0.0117463 -0.0588305
-0.111995 -0.0139605 0.0626651
0.113662 0.012539 -0.0599217
-0.111335 -0.013535 0.0639242
0.113 0.0127366 -0.0611275
-0.110656 -0.0137483 0.065038
0.112316 0.0135492 -0.0621977
-0.109972 -0.0133107 0.0662824
0.111628 0.0137432 -0.0633911
-0.109274 -0.012861 0.0675163
0.110924 0.0139289 -0.0645784
-0.108565 -0.0123995 0.068739
0.110204 0.0147631 -0.0656167
-0.107843 -0.0119264 0.06995
0.109476 0.0149434 -0.0667884
-0.10711 -0.0114419 0.0711486
0.108732 0.0157935 -0.0678002
-0.106361 -0.0116692 0.0722199
0.10798 0.0159671 -0.0689542
-0.105608 -0.0111747 0.0733971
0.107214 0.0168315 -0.0699375
-0.104845 -0.0106696 0.0745603
0.106441 0.0169973 -0.0710722
-0.104071 -0.0101543 0.075709
0.105654 0.0178744 -0.0720252
-0.103288 -0.00962907 0.0768428
0.104862 0.0180314 -0.0731389
-0.102496 -0.0090943 0.0779613
0.104057 0.0189197 -0.0740602
-0.101692 -0.00934053 0.0789737
0.103247 0.019067 -0.0751514
-0.100885 -0.00879861 0.0800658
0.102424 0.0199651 -0.0760398
-0.10007 -0.00824807 0.0811415
0.101599 0.0201018 -0.0771075
-0.0992482 -0.00768926 0.0822005
0.100761 0.0210084 -0.0779619
-0.0984192 -0.00712256 0.0832426
0.0999219 0.0211339 -0.0790052
-0.0975796 -0.00739068 0.0841974
0.0990703 0.0220478 -0.0798248
-0.0967398 -0.00681944 0.0852108
0.0982193 0.0221616 -0.0808431
-0.0958942 -0.00624124 0.0862068
0.097356 0.0230817 -0.0816275
-0.0950431 -0.00565648 0.0871853
0.0964946 0.0231834 -0.0826202
-0.0941869 -0.0050655 0.0881462
0.0956212 0.0241089 -0.0833692
-0.0933226 -0.00535933 0.0890399
0.0947509 0.0241982 -0.0843361
-0.0924591 -0.0047663 0.0899714
0.0938742 0.0242764 -0.0852906
-0.0915914 -0.00416795 0.0908853
0.092991 0.0252049 -0.0859909
-0.0907197 -0.00356462 0.0917815
0.0921075 0.0252708 -0.0869196
-0.0898405 -0.00388308 0.0926259
0.0912175 0.0262031 -0.0875848
-0.0889637 -0.00327943 0.0934933
0.0903282 0.0262567 -0.088488
-0.0880835 -0.00267159 0.0943434
0.0894324 0.0271922 -0.0891185
-0.0872001 -0.00205989 0.0951764
0.0885383 0.0272336 -0.0899967
-0.0863103 -0.00240444 0.095973
0.0876377 0.028172 -0.0905932
-0.0854232 -0.0017939 0.0967783
0.0867394 0.0282015 -0.0914469
-0.0845333 -0.00118018 0.097567
0.0858347 0.0291426 -0.0920101
-0.0836405 -0.000563556 0.0983393
0.0849326 0.0291606 -0.09284
-0.0827428 -0.000935225 0.0990909
0.0840243 0.030104 -0.0933707
-0.081847 -0.000320988 0.0998373
0.0831189 0.0301109 -0.0941775
-0.0809485 0.000295566 0.100568
0.0822072 0.0310567 -0.0946766
-0.0800443 -9.86531e-05 0.101287
0.0812985 0.031053 -0.0954612
-0.0791427 0.000514822 0.101993
0.0803836 0.0320011 -0.0959297
-0.0782382 0.0011301 0.102685
0.0794715 0.0319873 -0.096693
-0.0773278 0.000713294 0.103374
0.0785534 0.0329378 -0.0971318
-0.0764199 0.00132492 0.104042
0.0776376 0.0329144 -0.0978747
-0.0755087 0.0019379 0.104696
0.076716 0.0338673 -0.0982848
-0.0745916 0.00149858 0.105357
0.0757961 0.033835 -0.0990081
-0.0736763 0.00210743 0.10599
0.0748707 0.0347904 -0.0993907
-0.0727571 0.00271725 0.10661
0.0739461 0.0347496 -0.100095
-0.0718325 0.00225555 0.107245
0.0730163 0.0357077 -0.100451
-0.070908 0.00286085 0.107845
0.0720862 0.0356592 -0.101138
-0.0699763 0.00238228 0.108462
0.0711514 0.03662 -0.101468
-0.0690456 0.00298288 0.109043
0.0702121 0.0375838 -0.101781
-0.06811 0.00358393 0.109612
0.0692743 0.0375279 -0.102443
-0.0671683 0.00308339 0.110206
0.0683289 0.0384946 -0.102731
-0.066225 0.00367942 0.110758
0.0673832 0.0384322 -0.103378
-0.0652744 0.00316242 0.111336
0.0664308 0.0394018 -0.103642
-0.0643223 0.00375328 0.111872
0.0654732 0.0403742 -0.103891
-0.063362 0.00321998 0.112434
0.0645157 0.040306 -0.104515
-0.0623999 0.00380554 0.112953
0.0635497 0.0412813 -0.104741
-0.0614291 0.0032561 0.1135
0.0625813 0.0412076 -0.105351
-0.0604557 0.00383619 0.114005
0.0616058 0.0421859 -0.105554
-0.0594736 0.00327076 0.114537
0.060624 0.0431665 -0.105743
-0.0584877 0.0038452 0.115027
0.0596391 0.0430881 -0.106332
-0.0574933 0.00326391 0.115544
0.0586463 0.0440715 -0.106499
-0.0564912 0.00267217 0.116052
0.0576468 0.045057 -0.10665
-0.055486 0.00323546 0.116523
0.0566402 0.0460443 -0.106786
-0.0544704 0.00262806 0.117015
0.0556303 0.045962 -0.107351
-0.0534469 0.00201044 0.117498
0.0546108 0.0469515 -0.107466
-0.0524195 0.00256232 0.11795
0.0535838 0.0479424 -0.107565
-0.0513813 0.00192922 0.118418
0.0525492 0.0489346 -0.10765
-0.0503348 0.00128611 0.118875
0.0515069 0.0499277 -0.10772
-0.0492829 0.00182625 0.119309
0.0504599 0.0498415 -0.108254
-0.0482207 0.0011678 0.11975
0.0494026 0.0508354 -0.108302
-0.04715 0.000499547 0.12018
0.0483371 0.0518297 -0.108336
-0.0460707 -0.000178411 0.120599
0.0472635 0.052824 -0.108354
-0.0449831 -0.000865961 0.121006
0.0461818 0.0538181 -0.108358
-0.043887 -0.00156299 0.1214
0.0450919 0.0548116 -0.108346
-0.0427826 -0.00226938 0.121783
0.0439939 0.0558042 -0.108319
-0.0416699 -0.002985 0.122153
0.0428877 0.0567955 -0.108276
-0.0405491 -0.00370972 0.122509
0.0417735 0.0577852 -0.108218
-0.0394203 -0.00444342 0.122853
0.0406497 0.0598515 -0.107587
-0.0382836 -0.00518593 0.123183
0.0395208 0.0608357 -0.107489
-0.0371393 -0.00593711 0.123499
0.0383845 0.0618169 -0.107375
-0.0359868 -0.00793444 0.123727
0.0372388 0.0638641 -0.106653
-0.0348293 -0.00870529 0.124005
0.0360898 0.0648364 -0.106499
-0.0336641 -0.0107263 0.124167
0.0349342 0.0658041 -0.10633
-0.0324952 -0.0115154 0.124407
0.0337724 0.0678251 -0.105517
-0.0313207 -0.0135575 0.1245
0.0326059 0.0698299 -0.104663
-0.0301426 -0.0156095 0.124547
0.0314362 0.0718174 -0.103767
-0.0289621 -0.0176701 0.124547
0.0302663 0.0727543 -0.103509
-0.0277806 -0.0197382 0.1245
0.0290924 0.0757346 -0.101853
-0.0265995 -0.0218126 0.124404
0.0279214 0.0776618 -0.100836
-0.02542 -0.0251333 0.124009
0.0267529 0.0795661 -0.0997797
-0.0242447 -0.028451 0.123507
0.0255877 0.0824294 -0.097932
-0.0230766 -0.0317619 0.122898
0.0244302 0.0852367 -0.0960069
-0.0219185 -0.0350624 0.122181
0.0232837 0.0879849 -0.0940065
-0.0207729 -0.0395603 0.12095
0.0221518 0.0906713 -0.0919327
-0.0196451 -0.0440168 0.119526
0.0210373 0.0941864 -0.0889382
-0.018539 -0.0496 0.117394
0.0199472 0.0975808 -0.0858264
-0.017462 -0.0550829 0.114962
0.0188879 0.100849 -0.0826025
-0.01642 -0.0615687 0.111583
0.0178659 0.104774 -0.0783367
-0.0154227 -0.0678548 0.107779
0.0168906 0.109219 -0.0729464
-0.0144787 -0.0759703 0.101947
0.0159742 0.113339 -0.0673524
-0.0136017 -0.0836118 0.0953994
0.0151285 0.117733 -0.0605363
-0.0128044 -0.0915998 0.0871769
0.0143687 0.122179 -0.0524257
-0.0121024 -0.100377 0.0759635
0.0137124 0.125975 -0.044065
-0.0115123 -0.108523 0.0624878
0.013176 0.129452 -0.0343708
-0.0110506 -0.115496 0.0466693
0.0127767 0.132299 -0.0233263
-0.0107322 -0.120681 0.0285609
0.0125294 0.134048 -0.0121128
-0.0105688 -0.123324 0.00977897
0.0124438 0.134687 0.000353472
-0.010566 -0.123263 -0.0106197
0.0125236 0.133972 0.0128168
-0.0107247 -0.120506 -0.0293814
0.0127662 0.132157 0.0240224
-0.0110383 -0.115212 -0.0474509
0.0131607 0.129244 0.0350542
-0.0114955 -0.108143 -0.0632176
0.0136932 0.125708 0.0447329
-0.0120816 -0.099915 -0.0766337
0.0143457 0.121325 0.0541445
-0.0127799 -0.0910701 -0.0877839
0.0151029 0.117367 0.0611668
-0.0135748 -0.0830324 -0.0959498
0.0159459 0.112932 0.0679626
-0.0144494 -0.0743228 -0.103249
0.0168606 0.108778 0.0735374
-0.0153914 -0.0672004 -0.10822
0.0178335 0.104301 0.0789069
-0.0163872 -0.0597682 -0.112621
0.0188542 0.100351 0.0831541
-0.0174283 -0.0543848 -0.115317
0.0199122 0.0961953 0.0872354
-0.0185039 -0.0477075 -0.11822
0.0210017 0.0927515 0.0903031
-0.0196093 -0.0432908 -0.119808
0.022116 0.0901173 0.0924355
-0.0207367 -0.0388256 -0.121203
0.0232472 0.0864697 0.0952901
-0.0218814 -0.03432 -0.122405
0.0243936 0.0836898 0.0972542
-0.0230397 -0.031015 -0.123102
0.02555 0.0808521 0.0991418
-0.0242066 -0.0264619 -0.123968
0.0267154 0.0789654 0.100228
-0.0253824 -0.0243793 -0.124171
0.0278832 0.0760386 0.101982
-0.0265611 -0.0210559 -0.124545
0.0290554 0.0740955 0.102973
-0.0277428 -0.0189807 -0.124628
0.0302279 0.0721315 0.103924
-0.0289245 -0.0169121 -0.124663
0.0313992 0.0701481 0.104833
-0.0301051 -0.0148513 -0.12465
0.0325679 0.0681466 0.105702
-0.0312831 -0.0127994 -0.124591
0.0337353 0.0671905 0.105907
-0.0324572 -0.0107576 -0.124485
0.0348962 0.0651647 0.106709
-0.0336262 -0.00872688 -0.124335
0.0360534 0.0641961 0.106874
-0.0347918 -0.00794947 -0.124067
0.037203 0.0621498 0.10761
-0.035949 -0.00594195 -0.12385
0.0383479 0.0611715 0.107735
-0.0371018 -0.00518391 -0.123544
0.0394831 0.0591084 0.108404
-0.038247 -0.00443445 -0.123224
0.040614 0.0581228 0.108488
-0.0393844 -0.00369374 -0.12289
0.0417369 0.0571348 0.108557
-0.0405119 -0.00173639 -0.122565
0.0428517 0.0561448 0.10861
-0.0416335 -0.00101728 -0.122197
0.0439584 0.0551533 0.108647
-0.0427467 -0.000307476 -0.121816
0.0450568 0.0541606 0.10867
-0.0438513 0.000392891 -0.121423
0.046147 0.053167 0.108676
-0.0449472 0.0010837 -0.121017
0.047229 0.052173 0.108668
-0.0460368 0.000558785 -0.120611
0.0483026 0.0511788 0.108644
-0.0471159 0.00123441 -0.120188
0.049368 0.0501847 0.108606
-0.0481864 0.00190026 -0.119754
0.0504252 0.0491911 0.108552
-0.0492482 0.00255623 -0.119309
0.0514743 0.0481982 0.108483
-0.0503015 0.00320222 -0.118853
0.0525153 0.0472062 0.108399
-0.0513488 0.0026541 -0.118418
0.0535516 0.0472963 0.107854
-0.0523863 0.00328456 -0.117947
0.0545781 0.046306 0.107749
-0.0534155 0.00390485 -0.117465
0.0555969 0.0453172 0.107629
-0.0544363 0.00451486 -0.116973
0.0566083 0.0443302 0.107494
-0.0554534 0.00394954 -0.116516
0.0576157 0.0444165 0.106924
-0.05646 0.00454376 -0.116009
0.0586143 0.043432 0.106767
-0.057462 0.00397233 -0.115538
0.0596061 0.0424496 0.106596
-0.0584551 0.0045507 -0.115017
0.0605911 0.0414696 0.106409
-0.0594406 0.00511845 -0.114486
0.0615746 0.0415521 0.105813
-0.0604239 0.00453576 -0.113996
0.0625488 0.0405751 0.105605
-0.0613972 0.00508743 -0.11345
0.0635169 0.0396007 0.10538
-0.0623686 0.00449902 -0.112945
0.0644847 0.0396787 0.104764
-0.0633306 0.00503446 -0.112385
0.0654437 0.0387075 0.104518
-0.0642913 0.00444048 -0.111864
0.0664012 0.0387799 0.103887
-0.0652429 0.00495954 -0.111289
0.067352 0.0378119 0.103617
-0.0661941 0.00436014 -0.110752
0.0682975 0.0368468 0.103331
-0.0671361 0.00486265 -0.110161
0.069244 0.0369134 0.102678
-0.0680789 0.00425797 -0.109607
0.0701828 0.0359515 0.102368
-0.0690164 0.00365352 -0.109042
0.071122 0.0360115 0.101699
-0.0699475 0.00413392 -0.108428
0.0720548 0.0350527 0.101364
-0.0708783 0.00352449 -0.107845
0.0729876 0.0351055 0.100677
-0.0718017 0.00398793 -0.107214
0.0739153 0.0341496 0.100316
-0.0727266 0.00337367 -0.106612
0.0748389 0.033197 0.0999379
-0.0736475 0.00276014 -0.105996
0.0757659 0.0332417 0.0992248
-0.0745626 0.00320103 -0.10534
0.0766851 0.032292 0.0988191
-0.0754789 0.00258302 -0.104704
0.0776077 0.0323282 0.0980868
-0.0763917 0.00196611 -0.104053
0.0785231 0.0313813 0.097653
-0.0772996 0.00238426 -0.10337
0.0794419 0.0314085 0.0969006
-0.0782087 0.00176331 -0.102698
0.0803538 0.0304643 0.0964377
-0.0791148 0.00114386 -0.102011
0.081269 0.0304819 0.0956644
-0.080016 0.00153917 -0.101298
0.0821775 0.0295403 0.0951713
-0.0809189 0.000916206 -0.100587
0.0830895 0.0295478 0.0943761
-0.081819 0.000295231 -0.099861
0.0839946 0.0286089 0.0938519
-0.0827136 0.00066766 -0.0991171
0.0849033 0.0286058 0.0930339
-0.0836106 4.38068e-05 -0.0983653
0.0858048 0.0276697 0.0924778
-0.0845048 -0.000577505 -0.0975972
0.08671 0.0276555 0.0916363
-0.0853921 -0.000227845 -0.0968199
0.0876075 0.0267222 0.0910472
-0.086283 -0.00085127 -0.096025
0.0885088 0.0266966 0.0901814
-0.0871709 -0.00147152 -0.0952134
0.0894017 0.0257664 0.0895587
-0.0880557 -0.0020883 -0.0943846
0.0902986 0.0257291 0.088668
-0.0889335 -0.00176582 -0.0935611
0.0911861 0.0248023 0.0880109
-0.0898139 -0.00238339 -0.0927041
0.0920778 0.024753 0.0870948
-0.0906908 -0.00299674 -0.0918296
0.0929642 0.024693 0.0861662
-0.0915639 -0.00360557 -0.0909376
0.0938444 0.0237687 0.0854611
-0.0924287 -0.00330905 -0.0900657
0.094724 0.0236965 0.0845066
-0.0932956 -0.00391705 -0.0891444
0.0955962 0.0227768 0.0837661
-0.094158 -0.00451967 -0.0882054
0.0964677 0.0226924 0.0827857
-0.0950156 -0.00511657 -0.0872487
0.0973304 0.021778 0.0820098
-0.0958681 -0.00570737 -0.0862744
0.0981923 0.0216816 0.0810036
-0.0967114 -0.00543859 -0.0853414
0.0990441 0.0207734 0.0801924
-0.0975545 -0.00602617 -0.0843379
0.0998949 0.0206653 0.0791607
-0.0983914 -0.00660672 -0.083317
0.100734 0.0197642 0.0783146
-0.0992218 -0.00717988 -0.0822789
0.101572 0.0196449 0.077258
-0.100045 -0.00774526 -0.0812239
0.102397 0.0187521 0.0763775
-0.100857 -0.00750056 -0.0802317
0.10322 0.0186221 0.0752967
-0.101667 -0.00806012 -0.0791491
0.104029 0.0177388 0.0743828
-0.102469 -0.00861095 -0.0780502
0.104836 0.0175989 0.073279
-0.103263 -0.00915269 -0.0769356
0.105626 0.0167264 0.0723327
-0.104047 -0.00968497 -0.0758055
0.106415 0.0165775 0.071207
-0.104817 -0.00946035 -0.0747597
0.107191 0.0164187 0.0700717
-0.105583 -0.00998426 -0.0736053
0.107954 0.0155602 0.0690838
-0.10634 -0.0104978 -0.0724368
0.10871 0.0153938 0.0679291
-0.107085 -0.0110008 -0.0712546
0.10945 0.0145497 0.0669127
-0.10782 -0.0114927 -0.0700594
0.110182 0.0143766 0.0657402
-0.108543 -0.0119735 -0.0688518
0.110899 0.0135486 0.0646974
-0.109249 -0.0117657 -0.0677547
0.111607 0.0133702 0.0635092
-0.10995 -0.0122354 -0.0665287
0.112297 0.0125598 0.062442
-0.110638 -0.0126932 -0.0652919
0.112979 0.0123773 0.0612402
-0.111313 -0.0131389 -0.0640451
0.113643 0.0115862 0.0601509
-0.111974 -0.0135722 -0.062789
0.114298 0.0114008 0.0589379
-0.112622 -0.013993 -0.0615242
0.114933 0.0106307 0.0578289
-0.113251 -0.013798 -0.0603945
0.115559 0.0104437 0.0566068
-0.113873 -0.0142061 -0.0591186
0.116166 0.00969603 0.0554806
-0.114481 -0.0146014 -0.0578361
0.116763 0.00950881 0.0542518
-0.115074 -0.0149837 -0.0565476
0.117339 0.0087851 0.053111
-0.115652 -0.015353 -0.0552539
0.117906 0.00859884 0.0518777
-0.116216 -0.0157093 -0.0539557
0.118452 0.0079005 0.0507248
-0.116758 -0.0155251 -0.0528139
0.118988 0.00771641 0.0494893
-0.117294 -0.0158682 -0.0515121
0.119504 0.00704473 0.0483268
-0.117814 -0.0161982 -0.0502077
0.120009 0.00686392 0.0470912
-0.118318 -0.0165152 -0.0489012
0.120493 0.00622009 0.0459214
-0.118808 -0.0168193 -0.0475934
0.120968 0.00604362 0.0446878
-0.119282 -0.0171104 -0.0462848
0.121422 0.00542866 0.0435129
-0.119735 -0.0169381 -0.0451506
0.121866 0.00525748 0.0422831
-0.120181 -0.0172167 -0.043845
0.122289 0.00467232 0.0411053
-0.120612 -0.0174828 -0.0425402
0.122702 0.00450727 0.0398809
-0.121027 -0.0177364 -0.0412366
0.123096 0.00395267 0.038702
-0.121428 -0.0179777 -0.0399347
0.12348 0.00379453 0.0374846
-0.121813 -0.0182068 -0.038635
0.123844 0.00327113 0.0363062
-0.122179 -0.0180496 -0.0375235
0.124198 0.00312054 0.0350969
-0.122537 -0.0182678 -0.0362314
0.124534 0.00262884 0.0339207
-0.122881 -0.0184743 -0.0349424
0.124859 0.00248635 0.0327204
-0.12321 -0.0186694 -0.0336569
0.125167 0.00202676 0.0315475
-0.123525 -0.0188532 -0.032375
0.125465 0.00189283 0.030357
-0.123827 -0.0190258 -0.0310971
0.125746 0.00146561 0.0291883
-0.12411 -0.0188884 -0.0300172
0.126018 0.00134063 0.0280081
-0.124386 -0.0190522 -0.0287493
0.126273 0.000945962 0.0268446
-0.124649 -0.0192055 -0.0274857
0.126512 0.000573425 0.0256819
-0.124898 -0.0193484 -0.0262264
0.126748 0.000468202 0.0245169
-0.125134 -0.0194812 -0.0249717
0.126963 0.000128316 0.0233601
-0.125353 -0.0193659 -0.02392
0.127174 3.25848e-05 0.0222056
-0.125566 -0.0194915 -0.0226755
0.127365 -0.000274651 0.021055
-0.125767 -0.0196075 -0.0214353
0.127553 -0.000360753 0.0199106
-0.125955 -0.0197141 -0.0201995
0.127722 -0.000635388 0.0187662
-0.126132 -0.0198114 -0.0189679
0.127887 -0.000711765 0.0176315
-0.126291 -0.0197213 -0.0179426
0.128033 -0.000953882 0.0164931
-0.126446 -0.019813 -0.0167201
0.128177 -0.00102048 0.0153673
-0.12659 -0.0198959 -0.0155015
0.128302 -0.00123018 0.0142345
-0.126721 -0.0199701 -0.0142864
0.128424 -0.00128696 0.013117
-0.126842 -0.0200359 -0.0130749
0.128529 -0.00146437 0.0119893
-0.126947 -0.0199736 -0.012071
0.128631 -0.00151133 0.0108789
-0.127048 -0.0200349 -0.0108663
0.128716 -0.00165655 0.00975583
-0.127138 -0.020088 -0.00966437
0.128798 -0.00169369 0.0086515
-0.127217 -0.020133 -0.00846491
0.128864 -0.00180683 0.00753222
-0.127285 -0.0201701 -0.00726768
0.128926 -0.00183415 0.00643277
-0.127339 -0.0201375 -0.00627816
0.128973 -0.00191531 0.0053165
-0.127389 -0.0201708 -0.00508485
0.129016 -0.00193282 0.00422067
-0.127428 -0.0201964 -0.00389285
0.129044 -0.00198207 0.00310653
-0.127457 -0.0202142 -0.00270187
0.129068 -0.00198978 0.002013
-0.127469 -0.0202082 -0.00171787
0.129078 -0.00200716 0.000900069
-0.12748 -0.0202226 -0.000528135
0.129084 -0.00200507 -0.000192525
-0.12748 -0.0202293 0.000661556
0.129075 -0.00199059 -0.00130519
-0.127469 -0.0202283 0.00185151
0.129062 -0.0019787 -0.00239821
-0.127448 -0.0202197 0.00304201
0.129035 -0.00193236 -0.00351156
-0.127412 -0.0202446 0.00402705
0.129003 -0.00191066 -0.00460637
-0.127373 -0.0202325 0.00521975
0.128958 -0.00183241 -0.00572134
-0.127323 -0.0202125 0.00641397
0.1289 -0.0017326 -0.00683697
-0.127262 -0.0201848 0.00761
0.128843 -0.00169065 -0.00793676
-0.127191 -0.0201491 0.00880811
0.128766 -0.00155881 -0.00905516
-0.127105 -0.0202046 0.00980295
0.128689 -0.00150698 -0.0101599
-0.127015 -0.0201649 0.0110065
0.128593 -0.001343 -0.0112819
-0.126914 -0.0201171 0.0122129
0.128496 -0.00128128 -0.0123928
-0.126801 -0.020061 0.0134225
0.12838 -0.00108504 -0.0135191
-0.126678 -0.0199965 0.0146355
0.128262 -0.00101341 -0.0146372
-0.126539 -0.020081 0.015648
0.128126 -0.000784798 -0.0157684
-0.126395 -0.0200116 0.016869
0.127987 -0.000703262 -0.0168947
-0.12624 -0.0199334 0.018094
0.127829 -0.00044215 -0.0180312
-0.126072 -0.0198462 0.0193232
0.127668 -0.000350734 -0.0191665
-0.125886 -0.0199545 0.0203541
0.127488 -5.70181e-05 -0.0203086
-0.125697 -0.0198614 0.0215928
0.127304 4.42222e-05 -0.0214536
-0.125495 -0.0197589 0.0228361
0.127102 0.00037062 -0.0226015
-0.125281 -0.0196467 0.0240838
0.126894 0.00048159 -0.0237566
-0.125054 -0.0195248 0.0253361
0.126667 0.000840712 -0.0249102
-0.124814 -0.0193929 0.0265929
0.126435 0.000961267 -0.0260757
-0.124557 -0.0195284 0.0276566
0.126184 0.0013531 -0.0272349
-0.124293 -0.0193886 0.0289238
0.125926 0.00148304 -0.0284109
-0.124015 -0.0192382 0.0301954
0.125649 0.00190751 -0.0295751
-0.123724 -0.0190771 0.0314713
0.125364 0.00204656 -0.0307613
-0.123418 -0.0189051 0.0327512
0.125061 0.0025035 -0.0319299
-0.123095 -0.0190613 0.0338426
0.124749 0.00265131 -0.0331261
-0.122763 -0.0188797 0.035132
0.124418 0.00314048 -0.0342981
-0.122417 -0.0186865 0.0364249
0.124078 0.00329662 -0.0355036
-0.122057 -0.0184817 0.037721
0.123719 0.00381765 -0.0366779
-0.121682 -0.018265 0.0390199
0.123349 0.0039816 -0.0378917
-0.121286 -0.0184385 0.0401355
0.122961 0.00453401 -0.039067
-0.120883 -0.0182105 0.0414414
0.122562 0.00470512 -0.040288
-0.120465 -0.0179702 0.0427489
0.122144 0.00528832 -0.0414626
-0.120032 -0.0177175 0.0440577
0.121715 0.00546588 -0.0426896
-0.119584 -0.017452 0.0453673
0.121267 0.00607911 -0.0438616
-0.11912 -0.0171739 0.0466771
0.120801 0.00671289 -0.0450285
-0.118636 -0.0173618 0.0478124
0.120328 0.00690468 -0.0462604
-0.118144 -0.017071 0.049124
0.119831 0.0075671 -0.0474215
-0.117636 -0.0167671 0.0504341
0.119328 0.00776306 -0.0486551
-0.117113 -0.0164502 0.0517423
0.1188 0.00845304 -0.0498082
-0.116575 -0.0161201 0.0530477
0.118265 0.0086521 -0.0510413
-0.116022 -0.015777 0.0543498
0.117707 0.00936841 -0.052184
-0.115449 -0.0159764 0.0554884
0.117142 0.00956939 -0.0534145
-0.114868 -0.01562 0.0567855
0.116553 0.0103107 -0.0545444
-0.114273 -0.0152506 0.0580772
0.115958 0.0105124 -0.0557701
-0.113663 -0.0148682 0.059363
0.11534 0.0112772 -0.0568847
-0.113038 -0.0144728 0.0606419
0.114715 0.0114783 -0.0581032
-0.1124 -0.0140647 0.0619135
0.114074 0.0116726 -0.0593182
-0.111742 -0.014275 0.0630353
0.113415 0.0124644 -0.060409
-0.111078 -0.0138543 0.0642943
0.112746 0.0126561 -0.0616135
-0.110401 -0.0134212 0.0655437
0.11206 0.0134676 -0.0626829
-0.109711 -0.0129759 0.0667831
0.111364 0.0136555 -0.0638745
-0.109009 -0.0125187 0.0680117
0.110652 0.0144851 -0.0649202
-0.108294 -0.0120497 0.0692289
0.109931 0.0146679 -0.0660968
-0.107563 -0.012273 0.0703135
0.109194 0.0155139 -0.0671165
-0.106827 -0.0117933 0.0715109
0.10845 0.0156904 -0.0682762
-0.10608 -0.0113026 0.0726953
0.10769 0.0165511 -0.069268
-0.105322 -0.0108012 0.073866
0.106924 0.0167202 -0.0704088
-0.104554 -0.0102893 0.0750225
0.106143 0.0175941 -0.0713708
-0.103777 -0.00976735 0.0761643
0.105357 0.0177547 -0.0724911
-0.102986 -0.0100081 0.0771939
0.104557 0.0186402 -0.0734219
-0.102192 -0.0094782 0.0783105
0.103753 0.0187913 -0.0745202
-0.101389 -0.0089391 0.0794112
0.102935 0.019687 -0.0754183
-0.100579 -0.00839118 0.0804958
0.102114 0.0198278 -0.0764934
-0.099761 -0.0078348 0.0815638
0.101281 0.0207324 -0.0773579
-0.098931 -0.00809612 0.0825376
0.100446 0.0208621 -0.0784088
-0.098101 -0.00753433 0.0835776
0.0995981 0.0217744 -0.0792388
-0.0972645 -0.00696504 0.0846004
0.0987509 0.0218925 -0.0802648
-0.0964219 -0.00638862 0.0856058
0.0978908 0.0228113 -0.0810596
-0.0955737 -0.00580544 0.0865937
0.0970327 0.0229174 -0.0820603
-0.0947158 -0.00609123 0.0875072
0.0961674 0.0230124 -0.0830485
-0.0938593 -0.00550519 0.0884658
0.0952946 0.0239355 -0.0837947
-0.0929981 -0.0049133 0.0894068
0.0944206 0.0240182 -0.0847571
-0.0921324 -0.00431592 0.0903301
0.0935394 0.0249459 -0.0854678
-0.0912626 -0.00371339 0.0912358
0.0926582 0.0250162 -0.0864044
-0.0903861 -0.00402712 0.0920881
0.0917699 0.0259478 -0.08708
-0.0895109 -0.00342404 0.0929648
0.0908825 0.0260058 -0.087991
-0.0886322 -0.00281662 0.0938241
0.0899882 0.0269407 -0.0886317
-0.0877502 -0.00220519 0.0946662
0.0890957 0.0269864 -0.0895176
-0.0868624 -0.00254486 0.0954704
0.0881963 0.0279243 -0.0901241
-0.0859766 -0.00193441 0.0962846
0.0872994 0.0279581 -0.0909853
-0.0850878 -0.00132065 0.0970821
0.0863957 0.0288987 -0.0915582
-0.0841921 -0.00168243 0.097851
0.085495 0.0289207 -0.0923954
-0.0833002 -0.00107055 0.0986218
0.0845875 0.0298638 -0.0929356
-0.0824055 -0.000455993 0.0993765
0.0836834 0.0298746 -0.0937495
-0.081508 0.000160988 0.100115
0.0827724 0.03082 -0.0942578
-0.0806054 -0.000228248 0.100841
0.081865 0.03082 -0.0950492
-0.0797049 0.000385777 0.101555
0.0809509 0.0317677 -0.0955265
-0.0788016 0.0010017 0.102254
0.0800401 0.0317574 -0.0962964
-0.0778927 0.000589861 0.10295
0.0791228 0.0327074 -0.0967438
-0.0769861 0.00120223 0.103625
0.0782085 0.0326875 -0.0974929
-0.0760763 0.00181604 0.104287
0.0772877 0.0336398 -0.0979113
-0.0751608 0.00138165 0.104953
0.0763695 0.0336107 -0.0986406
-0.074247 0.00199141 0.105593
0.075445 0.0345655 -0.099031
-0.0733295 0.00260221 0.10622
0.0745222 0.0345278 -0.0997414
-0.0724068 0.0021454 0.10686
0.0735936 0.0354852 -0.100105
-0.0714842 0.00275175 0.107467
0.0726656 0.0354395 -0.100797
-0.0705545 0.00227802 0.108089
0.0717322 0.0363997 -0.101135
-0.069626 0.00287973 0.108676
0.0707944 0.0373628 -0.101455
-0.0686928 0.00348195 0.109251
0.0698592 0.0373095 -0.102122
-0.0677535 0.0029862 0.10985
0.0689156 0.0382755 -0.102417
-0.0668128 0.00358346 0.110408
0.0679728 0.0382154 -0.103069
-0.0658649 0.00307119 0.11099
0.0670225 0.0391843 -0.10334
-0.0649158 0.00366335 0.111531
0.066071 0.0391181 -0.103976
-0.0639585 0.00313474 0.112098
0.065113 0.0400899 -0.104224
-0.0629997 0.00372164 0.112623
0.0641495 0.0410645 -0.104456
-0.0620322 0.00317686 0.113174
0.0631849 0.0409928 -0.105071
-0.0610626 0.00375835 0.113683
0.0622123 0.0419703 -0.10528
-0.0600839 0.00319755 0.11422
0.0612336 0.0429502 -0.105475
-0.0591022 0.00377346 0.114714
0.0602531 0.0428737 -0.106069
-0.0581116 0.00319676 0.115236
0.0592638 0.0438564 -0.106241
-0.0571165 0.00376691 0.115716
0.0582678 0.0448411 -0.106399
-0.056113 0.00317442 0.116223
0.0572685 0.0447603 -0.106973
-0.0551016 0.00257158 0.116721
0.0562602 0.0457474 -0.107109
-0.0540859 0.00313044 0.117182
0.0552448 0.0467364 -0.10723
-0.0530604 0.00251199 0.117664
0.054222 0.0477268 -0.107336
-0.0520267 0.00188341 0.118136
0.0531946 0.047642 -0.107886
-0.0509878 0.00243068 0.118579
0.0521578 0.048634 -0.107971
-0.0499389 0.00178666 0.119036
0.0511131 0.049627 -0.10804
-0.0488816 0.0011327 0.119482
0.0500605 0.0506208 -0.108095
-0.0478158 0.000468908 0.119917
0.0489998 0.0516151 -0.108135
-0.0467416 -0.000204613 0.12034
0.0479312 0.0526095 -0.108159
-0.0456614 0.000319788 0.120754
0.0468545 0.0536038 -0.108169
-0.0445707 -0.000368824 0.121161
0.0457696 0.0545977 -0.108163
-0.0434716 -0.00106695 0.121556
0.0446767 0.0555909 -0.108142
-0.042364 -0.00177446 0.121938
0.0435757 0.0565829 -0.108106
-0.0412481 -0.00249124 0.122307
0.0424668 0.0575735 -0.108054
-0.040122 -0.0044436 0.122625
0.0413498 0.0585622 -0.107987
-0.0389905 -0.00518191 0.122961
0.0402251 0.0595486 -0.107904
-0.0378513 -0.00592892 0.123283
0.0390908 0.0616076 -0.107233
-0.0367045 -0.00668449 0.12359
0.0379522 0.0625871 -0.10711
-0.035549 -0.00868689 0.123802
0.0368064 0.0635628 -0.106972
-0.0343894 -0.00946179 0.124072
0.0356528 0.0655996 -0.106209
-0.033222 -0.0114873 0.124217
0.0344955 0.0665647 -0.106031
-0.0320516 -0.01228 0.124448
0.0333318 0.0685798 -0.105202
-0.0308756 -0.014326 0.124524
0.032164 0.0705783 -0.104332
-0.0296964 -0.0163814 0.124553
0.0309933 0.0725588 -0.103421
-0.0285154 -0.018445 0.124536
0.0298213 0.0745201 -0.102469
-0.0273339 -0.0205156 0.12447
0.0286494 0.0764608 -0.101477
-0.0261523 -0.0238344 0.124119
0.0274791 0.0783795 -0.100445
-0.0249753 -0.0259137 0.123935
0.026312 0.0802749 -0.0993738
-0.0238025 -0.0292312 0.123406
0.0251497 0.0831246 -0.0975057
-0.0226377 -0.0325411 0.122769
0.023996 0.0859173 -0.0955608
-0.0214832 -0.037058 0.121647
0.0228544 0.0886503 -0.093541
-0.0203438 -0.0415381 0.120331
0.0217274 0.0922308 -0.0906149
-0.019224 -0.0459731 0.118823
0.0206227 0.0948137 -0.0884305
-0.0181282 -0.0515234 0.116585
0.0195423 0.0990335 -0.0844075
-0.0170637 -0.0569677 0.114048
0.0184965 0.102245 -0.0811363
-0.0160375 -0.0633993 0.110545
0.0174902 0.106859 -0.0758638
-0.0150589 -0.0706859 0.105868
0.0165369 0.110448 -0.0713634
-0.0141387 -0.0786457 0.0997864
0.0156451 0.115123 -0.064697
-0.0132897 -0.0870371 0.0920599
0.0148304 0.119331 -0.0577895
-0.0125265 -0.0955492 0.0824533
0.0141078 0.123556 -0.0495881
-0.011865 -0.103794 0.0707617
0.0134941 0.127531 -0.04004
-0.0113218 -0.111303 0.0568404
0.013008 0.130648 -0.0302538
-0.0109128 -0.117531 0.0406418
0.0126647 0.133085 -0.0191363
-0.0106519 -0.121866 0.0222568
0.0124772 0.13449 -0.00671673
-0.0105486 -0.123657 0.00195684
0.0124549 0.134596 0.00459694
-0.0106071 -0.122442 -0.0183966
0.0125968 0.133421 0.0170344
-0.0108254 -0.11863 -0.036926
0.0128983 0.131192 0.0281844
-0.011195 -0.112864 -0.0533355
0.0133464 0.127872 0.0391299
-0.0117028 -0.105071 -0.0686765
0.0139264 0.12398 0.0487045
-0.0123336 -0.0970413 -0.08055
0.0146209 0.119826 0.0569346
-0.0130699 -0.0877976 -0.091303
0.0154123 0.115679 0.0638713
-0.0138967 -0.0794694 -0.0991139
0.0162837 0.111061 0.0705705
-0.0147985 -0.0715588 -0.105274
0.0172219 0.106757 0.0760536
-0.0157621 -0.0643096 -0.110024
0.0182146 0.102944 0.080403
-0.0167764 -0.0579055 -0.11359
0.0192506 0.0989212 0.0845931
-0.017831 -0.0513161 -0.116727
0.020322 0.0955781 0.087753
-0.0189187 -0.0457599 -0.118957
0.0214211 0.0921118 0.0907978
-0.0200332 -0.0413202 -0.120461
0.0225417 0.0885277 0.0937224
-0.0211676 -0.0368356 -0.121772
0.0236799 0.085793 0.0957417
-0.0223174 -0.0323143 -0.12289
0.0248306 0.0829983 0.097686
-0.02348 -0.0290012 -0.123523
0.0259901 0.0801466 0.0995534
-0.0246508 -0.0256803 -0.124049
0.0271571 0.0782508 0.100625
-0.0258268 -0.0223554 -0.124468
0.0283263 0.0753116 0.102358
-0.0270078 -0.0202768 -0.124581
0.0294988 0.0733605 0.103334
-0.0281897 -0.018204 -0.124646
0.0306711 0.0713891 0.104269
-0.0293712 -0.0161382 -0.124663
0.0318416 0.0693987 0.105163
-0.0305509 -0.0140806 -0.124632
0.0330108 0.0684477 0.105383
-0.0317276 -0.0120324 -0.124556
0.0341749 0.0664317 0.106212
-0.0328999 -0.00999464 -0.124433
0.0353337 0.0644003 0.106999
-0.0340686 -0.00921069 -0.12418
0.036489 0.0634293 0.107154
-0.0352303 -0.00719509 -0.12399
0.0376357 0.0613783 0.107875
-0.0363869 -0.00642995 -0.123698
0.0387783 0.0603981 0.10799
-0.0375348 -0.00443902 -0.123442
0.0399133 0.0594148 0.108089
-0.0386774 -0.00369407 -0.123114
0.0410406 0.0584287 0.108173
-0.0398121 -0.00295798 -0.122772
0.0421582 0.0563552 0.108778
-0.0409386 -0.0022309 -0.122416
0.0432701 0.0553644 0.108822
-0.0420569 -0.00151297 -0.122047
0.0443738 0.0543723 0.10885
-0.0431668 -0.000804317 -0.121666
0.0454692 0.0533792 0.108863
-0.0442683 -0.000105067 -0.121272
0.0465562 0.0523854 0.108861
-0.0453611 0.00058466 -0.120866
0.0476349 0.0513913 0.108843
-0.0464454 0.00126475 -0.120449
0.0487053 0.0503972 0.108811
-0.047521 0.00193509 -0.120019
0.0497673 0.0494035 0.108763
-0.0485878 0.00259558 -0.119579
0.0508212 0.0484103 0.1087
-0.049646 0.00324611 -0.119127
0.0518705 0.048502 0.108165
-0.0506992 0.00269976 -0.118697
0.0529091 0.04751 0.108081
-0.0517415 0.00333477 -0.11823
0.0539399 0.0465192 0.107982
-0.0527752 0.00395963 -0.117752
0.054963 0.0455298 0.107868
-0.053804 0.00340137 -0.117304
0.0559784 0.0445422 0.107739
-0.0548229 0.00401056 -0.116812
0.0569909 0.0446302 0.107173
-0.0558336 0.00460939 -0.116309
0.0579933 0.043645 0.107023
-0.0568404 0.00403955 -0.115843
0.0589887 0.0426619 0.106857
-0.0578375 0.00462253 -0.115326
0.0599811 0.0427458 0.106272
-0.05883 0.00404671 -0.114845
0.0609649 0.0417655 0.106085
-0.0598143 0.00461376 -0.114314
0.0619423 0.0407877 0.105883
-0.0607911 0.00517011 -0.113772
0.0629174 0.0408671 0.105278
-0.0617662 0.00458315 -0.113272
0.0638848 0.0398924 0.105053
-0.0627315 0.0051233 -0.112716
0.0648463 0.0389203 0.104813
-0.0636955 0.00453072 -0.112201
0.0658072 0.0389949 0.104187
-0.0646501 0.00505453 -0.11163
0.0667602 0.0380261 0.103924
-0.0656043 0.00445648 -0.111098
0.0677116 0.0380948 0.103283
-0.0665524 0.00385844 -0.110556
0.0686572 0.0371291 0.102997
-0.0674944 0.00436039 -0.109964
0.0695978 0.0361665 0.102694
-0.0684344 0.00375718 -0.109404
0.0705393 0.036229 0.102029
-0.0693678 0.00424243 -0.108796
0.0714738 0.0352694 0.101702
-0.0703008 0.00363417 -0.108219
0.0724087 0.035325 0.101021
-0.0712262 0.00410252 -0.107593
0.0733377 0.0343684 0.100667
-0.072153 0.00348938 -0.106997
0.0742669 0.0344164 0.0999689
-0.0730757 0.00287689 -0.106388
0.0751912 0.0334627 0.0995892
-0.0739926 0.00332274 -0.105738
0.0761115 0.0325124 0.0991915
-0.0749104 0.00270571 -0.105108
0.0770357 0.0325517 0.0984653
-0.0758247 0.0020897 -0.104465
0.077952 0.0316042 0.0980398
-0.0767343 0.00251286 -0.103788
0.0788721 0.0316348 0.0972938
-0.0776447 0.00189272 -0.103123
0.0797849 0.03069 0.0968395
-0.078552 0.001274 -0.102443
0.0807014 0.0307111 0.0960727
-0.0794548 0.00167434 -0.101737
0.0816107 0.029769 0.0955886
-0.0803588 0.001052 -0.101034
0.082524 0.0297802 0.0948003
-0.08126 0.000431553 -0.100316
0.0834299 0.0288408 0.0942853
-0.0821562 0.000809026 -0.099579
0.0843398 0.0288415 0.0934745
-0.0830543 0.000185565 -0.0988355
0.0852422 0.0279048 0.0929279
-0.0839497 -0.000435469 -0.098076
0.0861488 0.0278947 0.0920938
-0.0848388 -8.07859e-05 -0.0973059
0.0870473 0.0269608 0.0915145
-0.0857309 -0.000704093 -0.0965199
0.0879502 0.0269394 0.0906563
-0.0866201 -0.00132435 -0.0957171
0.0888442 0.0260086 0.0900436
-0.0875063 -0.00194129 -0.0948975
0.0897429 0.0259754 0.0891607
-0.0883864 -0.00161389 -0.0940816
0.0906369 0.0259319 0.0882654
-0.0892684 -0.0022318 -0.0932339
0.0915255 0.025003 0.0876056
-0.090147 -0.00284566 -0.0923687
0.0924141 0.0249473 0.0866849
-0.0910219 -0.00345515 -0.0914861
0.0932962 0.0240222 0.0859902
-0.0918896 -0.00315389 -0.090622
0.0941784 0.0239544 0.0850437
-0.0927588 -0.00376279 -0.0897103
0.0950528 0.0230337 0.0843137
-0.0936235 -0.00436648 -0.0887808
0.0959273 0.0229536 0.0833413
-0.0944836 -0.00496463 -0.0878336
0.0967928 0.022038 0.0825759
-0.0953343 -0.00468791 -0.0869202
0.0976581 0.0219459 0.0815776
-0.0961862 -0.00528366 -0.0859437
0.0985131 0.0210361 0.0807768
-0.0970325 -0.00587295 -0.0849496
0.0993679 0.0209323 0.079753
-0.0978729 -0.00645541 -0.083938
0.100211 0.0200294 0.0789171
-0.0987069 -0.00703065 -0.0829092
0.101053 0.0199142 0.0778681
-0.0995297 -0.00677931 -0.0819356
0.101882 0.0190191 0.0769977
-0.100352 -0.00734961 -0.0808785
0.102711 0.0188931 0.0759242
-0.101166 -0.00791174 -0.0798046
0.103524 0.0180072 0.0750201
-0.101973 -0.00846533 -0.0787144
0.104337 0.0178711 0.0739232
-0.102771 -0.00901001 -0.0776082
0.105138 0.0177246 0.0728157
-0.103561 -0.00954543 -0.0764863
0.105928 0.0168501 0.0718672
-0.104337 -0.00931723 -0.075447
0.106711 0.0166947 0.0707382
-0.10511 -0.00984455 -0.0743003
0.10748 0.0158326 0.069759
-0.105872 -0.0103617 -0.0731393
0.108242 0.0156691 0.06861
-0.106624 -0.0108684 -0.0719642
0.108989 0.014821 0.0676018
-0.107365 -0.0113642 -0.0707758
0.109729 0.0146506 0.0664345
-0.10809 -0.0111527 -0.0696909
0.110453 0.013818 0.0653991
-0.10881 -0.0116381 -0.0684824
0.111169 0.0136419 0.0642156
-0.109518 -0.0121121 -0.0672621
0.111868 0.0128265 0.0631552
-0.110213 -0.0125743 -0.0660308
0.112558 0.0126459 0.0619573
-0.110896 -0.0130244 -0.064789
0.11323 0.0118493 0.0608741
-0.111565 -0.0134623 -0.0635375
0.113894 0.0116654 0.0596642
-0.112216 -0.0132644 -0.0624145
0.114538 0.0108893 0.0585606
-0.11286 -0.0136899 -0.0611499
0.115173 0.0107034 0.057341
-0.11349 -0.0141028 -0.0598775
0.115788 0.00994931 0.0562194
-0.114106 -0.0145029 -0.058598
0.116395 0.0097628 0.0549923
-0.114708 -0.0148901 -0.0573121
0.11698 0.00903218 0.0538554
-0.115295 -0.0152643 -0.0560206
0.117557 0.00884626 0.0526231
-0.115867 -0.0156255 -0.0547242
0.118112 0.0081406 0.0514733
-0.116421 -0.0154385 -0.053583
0.118658 0.00795648 0.0502381
-0.116965 -0.0157865 -0.0522823
0.119183 0.0072771 0.0490779
-0.117494 -0.0161214 -0.0509785
0.119698 0.00709592 0.047842
-0.118008 -0.0164433 -0.0496724
0.120192 0.00644404 0.0466738
-0.118506 -0.0167521 -0.0483646
0.120676 0.00626688 0.0454393
-0.118989 -0.017048 -0.0470557
0.121139 0.00564357 0.0442654
-0.119453 -0.0168727 -0.0459201
0.121593 0.00547141 0.0430341
-0.119908 -0.017156 -0.0446136
0.122025 0.00487763 0.0418566
-0.120348 -0.0174266 -0.0433075
0.122449 0.00471135 0.0406303
-0.120772 -0.0176847 -0.0420024
0.122851 0.00414791 0.0394512
-0.121181 -0.0179304 -0.0406988
0.123244 0.0039883 0.0382314
-0.12157 -0.0177689 -0.03958
0.123617 0.00345587 0.0370523
-0.121951 -0.0180032 -0.0382829
0.123981 0.00330362 0.0358403
-0.122318 -0.0182256 -0.0369885
0.124325 0.00280275 0.0346629
-0.12267 -0.0184361 -0.035697
0.12466 0.00265844 0.0334597
-0.123008 -0.0186351 -0.0344088
0.124976 0.00218955 0.0322853
-0.123332 -0.0188227 -0.0331241
0.125283 0.00205367 0.0310916
