-0.321381 -0.298953 0.299213
0.42584 0.398615 -0.0445871
-0.262407 -0.424448 0.002724
0.422943 0.403399 0.0463354
-0.320481 -0.29144 -0.3096
0.539667 0.0953863 -0.0153724
-0.297727 -0.187712 0.414384
0.37248 0.486028 -0.0396798
-0.259564 -0.368751 -0.251437
0.471128 0.309279 0.0455397
-0.330475 -0.371482 -0.136419
0.520377 0.177839 -0.0362716
-0.268848 -0.182567 0.436272
0.338545 0.537405 -0.005985
-0.262629 -0.222916 -0.417072
0.510045 0.210897 0.0403464
-0.331478 -0.384404 0.0669912
0.484994 0.27829 -0.0409763
-0.258751 -0.328441 0.318676
0.357188 0.508876 0.0358897
-0.287609 -0.161423 -0.434067
0.535403 0.117115 0.0257871
-0.324813 -0.326458 0.254411
0.439282 0.374333 -0.0431613
-0.26242 -0.420324 0.0703988
0.409734 0.426211 0.0455604
-0.315629 -0.261301 -0.346702
0.541168 0.0866875 -0.00753575
-0.30473 -0.217399 0.391181
0.385546 0.465952 -0.0408826
-0.26099 -0.392099 -0.194818
0.460909 0.331368 0.0447572
-0.328859 -0.35942 -0.178085
0.526041 0.157299 -0.0336189
-0.274357 -0.169635 0.438973
0.342638 0.531335 -0.0168519
-0.260575 -0.256487 -0.393784
0.502826 0.23187 0.04133
-0.33141 -0.388159 0.022578
0.492636 0.259307 -0.0411145
-0.259202 -0.302765 0.350206
0.350586 0.519267 0.0281597
-0.28213 -0.161224 -0.437739
0.532067 0.13255 0.0295229
-0.32644 -0.341643 0.2239
0.447756 0.358287 -0.0423498
-0.262292 -0.413619 0.113782
0.401232 0.440433 0.044584
-0.311982 -0.243685 -0.36556
0.541463 0.0849796 -0.00220196
-0.308692 -0.233439 0.376475
0.393902 0.452742 -0.0413962
-0.261851 -0.402823 -0.159967
0.45429 0.345015 0.0442758
-0.327614 -0.349436 -0.205223
0.52915 0.145202 -0.0307748
-0.278123 -0.166377 0.438058
0.346311 0.525875 -0.0217302
-0.25984 -0.278873 -0.374505
0.498044 0.244965 0.0417031
-0.331327 -0.388682 0.0017184
0.497374 0.246967 -0.0408459
-0.259751 -0.284386 0.369215
0.346832 0.524817 0.0251116
-0.278637 -0.161194 -0.439981
0.529536 0.143174 0.0320471
-0.327454 -0.350111 0.203924
0.45342 0.346997 -0.0430899
-0.261939 -0.406857 0.144759
0.394958 0.450466 0.0449141
-0.309169 -0.232965 -0.376447
0.541475 0.0849156 0.00164316
-0.311512 -0.247816 0.362489
0.400175 0.44234 -0.0435258
-0.262254 -0.410384 -0.129348
0.448744 0.355675 0.0457563
-0.326618 -0.341073 -0.224806
0.531633 0.134813 -0.0285374
-0.28149 -0.165857 0.436131
0.349861 0.520596 -0.0249398
-0.259292 -0.294044 -0.359659
0.493519 0.256874 0.041875
-0.331391 -0.388112 -0.0239733
0.501945 0.234514 -0.040657
-0.260415 -0.261842 0.389429
0.343278 0.530219 0.0198797
-0.275059 -0.165242 -0.440487
0.526629 0.154551 0.0347093
-0.328626 -0.359762 0.177575
0.45963 0.334615 -0.0415185
-0.261171 -0.396976 0.180257
0.387187 0.462892 0.0439658
-0.305531 -0.214384 -0.39258
0.541239 0.0860962 0.00714442
-0.314945 -0.264226 0.344518
0.408045 0.429548 -0.0423851
-0.262414 -0.418236 -0.0862834
0.440957 0.370569 0.0462519
-0.325164 -0.32666 -0.253619
0.534803 0.120479 -0.0246995
-0.286516 -0.168283 0.43175
0.355796 0.511568 -0.0308064
-0.258787 -0.32077 -0.328835
0.486522 0.274093 0.0434499
-0.331493 -0.385068 -0.0613985
0.508662 0.215421 -0.0385813
-0.262126 -0.231247 0.41179
0.339129 0.536482 0.0107012
-0.269827 -0.175175 -0.439227
0.521535 0.173499 0.0371183
-0.330222 -0.37137 0.137446
0.469272 0.31398 -0.0428009
-0.259801 -0.374789 0.238621
0.374822 0.482138 0.0419871
-0.299075 -0.190932 -0.411654
0.540051 0.093162 0.0142801
-0.319696 -0.286798 0.315935
0.420552 0.408064 -0.0436071
-0.26241 -0.423945 -0.0247788
0.428212 0.393819 0.0472944
-0.322081 -0.300364 -0.29661
0.538618 0.101152 -0.0186853
-0.294593 -0.180557 0.420343
0.367316 0.493994 -0.0375581
-0.259113 -0.355416 -0.276782
0.475456 0.299819 0.0447336
-0.330953 -0.375536 -0.118885
0.517543 0.187424 -0.0373738
-0.266684 -0.19292 0.43229
0.337693 0.53864 -0.0016624
-0.264049 -0.206574 -0.426293
0.513185 0.201081 0.0402363
-0.331364 -0.382075 0.0838561
0.481276 0.287008 -0.0418199
-0.258774 -0.340559 0.301203
0.360928 0.503541 0.0359681
-0.29033 -0.166347 -0.430077
0.536807 0.110456 0.0230104
-0.323865 -0.317768 0.269708
0.435066 0.382056 -0.0438502
-0.262423 -0.422462 0.0489266
0.41384 0.418936 0.0471722
-0.317264 -0.269683 -0.336948
0.540849 0.0885695 -0.00974621
-0.302673 -0.206694 0.399723
0.38145 0.472429 -0.0396927
-0.260529 -0.385175 -0.213702
0.464058 0.32474 0.0448473
-0.329414 -0.363877 -0.164194
0.524428 0.163408 -0.0341784
-0.272623 -0.173737 0.438172
0.341132 0.533604 -0.0132703
-0.261048 -0.245404 -0.402216
0.505026 0.225666 0.0410113
-0.331461 -0.387415 0.0357494
0.490413 0.264919 -0.0412728
-0.259005 -0.309966 0.342028
0.352407 0.516518 0.0297783
-0.283726 -0.16098 -0.436809
0.533137 0.128023 0.0277969
-0.325994 -0.336008 0.23566
0.445259 0.363153 -0.0420573
-0.262361 -0.415342 0.104358
0.403787 0.436249 0.0446272
-0.313112 -0.249819 -0.359381
0.541412 0.0852547 -0.00356705
-0.307535 -0.226883 0.382309
0.391395 0.456716 -0.0414349
-0.261617 -0.400303 -0.168966
0.456325 0.340765 0.0448555
-0.328003 -0.353808 -0.194183
0.528219 0.148887 -0.0318425
-0.276933 -0.168446 0.437887
0.345098 0.527726 -0.0195655
-0.260045 -0.270727 -0.381909
0.499563 0.240776 0.0419271
-0.331341 -0.388621 0.0076319
0.495856 0.25104 -0.0405994
-0.259565 -0.288756 0.364958
0.348041 0.52318 0.0248829
-0.27978 -0.163319 -0.438345
0.5304 0.139707 0.0310365
-0.327109 -0.347737 0.20987
0.451523 0.350877 -0.0424632
-0.262098 -0.409038 0.135528
0.397143 0.446931 0.0451156
-0.310152 -0.234967 -0.37409
0.541478 0.0848565 0.000632572
-0.310528 -0.242257 0.367973
0.397976 0.445935 -0.0433004
-0.262147 -0.408276 -0.138631
0.450797 0.352038 0.0439942
-0.326975 -0.3438 -0.218621
0.530739 0.138583 -0.0297095
-0.280221 -0.167565 0.436184
0.348518 0.522467 -0.0253453
-0.259493 -0.289844 -0.363897
0.495248 0.252338 0.0419787
-0.33135 -0.388386 -0.0174695
0.50019 0.239391 -0.0405845
-0.260135 -0.269697 0.382773
0.344621 0.528219 0.0216705
-0.276451 -0.164039 -0.440139
0.527817 0.150153 0.0332876
-0.328164 -0.355472 0.189745
0.45719 0.339337 -0.043322
-0.261508 -0.401269 0.165898
0.390346 0.458053 0.0434435
-0.307036 -0.222608 -0.385772
0.54137 0.0853755 0.0051021
-0.313583 -0.257251 0.352328
0.404855 0.434806 -0.0426887
-0.262381 -0.415807 -0.101654
0.444179 0.36445 0.0461181
-0.325794 -0.333613 -0.24043
0.533551 0.126307 -0.0261464
-0.284421 -0.166299 0.434028
0.353229 0.515342 -0.0298893
-0.258935 -0.310785 -0.341106
0.489439 0.267006 0.0429095
-0.331478 -0.386581 -0.0465004
0.505958 0.223295 -0.0394512
-0.261287 -0.245082 0.402305
0.340538 0.534244 0.0158869
-0.271895 -0.172641 -0.439133
0.523717 0.165657 0.0360775
-0.329636 -0.367148 0.153451
0.465416 0.322231 -0.0431187
-0.260334 -0.38442 0.21581
0.379745 0.474655 0.0422854
-0.301764 -0.200466 -0.404204
0.540682 0.0895323 0.0112079
-0.317932 -0.277688 0.327922
0.415617 0.416382 -0.0448821
-0.262422 -0.422676 -0.0462381
0.433274 0.384928 0.0460528
-0.323428 -0.31125 -0.280026
0.537337 0.107892 -0.0215772
-0.291469 -0.173637 0.425916
0.362557 0.501243 -0.0354858
-0.258831 -0.34412 -0.295671
0.479731 0.290237 0.0437693
-0.331283 -0.380075 -0.0958691
0.514409 0.197626 -0.0381972
-0.26471 -0.207818 0.425153
0.337558 0.538838 0.00238693
-0.265895 -0.195607 -0.431333
0.51637 0.190847 0.0395225
-0.331099 -0.379108 0.10161
0.477125 0.296466 -0.042764
-0.258981 -0.354817 0.277944
0.365431 0.49668 0.0381236
-0.293381 -0.172922 -0.424943
0.53814 0.103545 0.0203659
-0.322632 -0.307592 0.286171
0.430218 0.390711 -0.044946
-0.262415 -0.423828 0.0274405
0.418619 0.411008 0.0459921
-0.319021 -0.282024 -0.322076
0.540318 0.0916663 -0.0126024
-0.300151 -0.197943 0.406885
0.376739 0.479688 -0.0391469
-0.260006 -0.377855 -0.231639
0.467735 0.31693 0.044633
-0.330002 -0.3683 -0.148823
0.522406 0.170757 -0.0350584
-0.270644 -0.176679 0.438018
0.33965 0.53578 -0.0103184
-0.261765 -0.235181 -0.409264
0.507608 0.218275 0.0402904
-0.331492 -0.386242 0.0501486
0.487709 0.271572 -0.0416841
-0.258834 -0.32007 0.329696
0.354723 0.512752 0.033408
-0.285671 -0.162292 -0.434975
0.534331 0.122497 0.0265879
-0.325424 -0.331935 0.243997
0.442256 0.368884 -0.0420354
-0.262404 -0.41784 0.0889934
0.406754 0.430881 0.0468843
-0.314404 -0.2566 -0.352195
0.541313 0.0858298 -0.00538606
-0.306142 -0.2231 0.386131
0.388461 0.46128 -0.041795
-0.26131 -0.395898 -0.18334
0.458639 0.335917 0.0453254
-0.328441 -0.356263 -0.187236
0.527101 0.153367 -0.0318297
-0.275612 -0.169954 0.438039
0.3438 0.52966 -0.017644
-0.260295 -0.262723 -0.388758
0.501227 0.236145 0.0420443
-0.331371 -0.388475 0.0139166
0.494201 0.255392 -0.0404306
-0.25937 -0.296606 0.356868
0.349334 0.521144 0.0270482
-0.28099 -0.16138 -0.438404
0.531285 0.136074 0.029922
-0.326758 -0.345198 0.21597
0.44955 0.354848 -0.0418867
-0.262218 -0.411089 0.126226
0.399306 0.4434 0.0453514
-0.31113 -0.24058 -0.368828
0.541451 0.0848901 -0.000344869
-0.309555 -0.236653 0.373276
0.395818 0.449438 -0.0430708
-0.262006 -0.406038 -0.147845
0.452688 0.348151 0.0446004
-0.327321 -0.348408 -0.208033
0.529885 0.142093 -0.0307234
-0.279073 -0.165381 0.437894
0.347296 0.524385 -0.0231023
-0.25968 -0.281795 -0.371805
0.496792 0.248191 0.0421877
-0.33133 -0.388648 -0.00605741
0.498619 0.243713 -0.040374
-0.259915 -0.277774 0.375496
0.345847 0.52632 0.0237606
-0.277678 -0.162145 -0.440182
0.52881 0.14633 0.0321303
-0.327759 -0.353121 0.196275
0.45505 0.343778 -0.0427654
-0.26177 -0.40372 0.156903
0.392968 0.453435 0.0457733
-0.308271 -0.229557 -0.379747
0.541423 0.0850236 0.00357977
-0.312401 -0.250988 0.358983
0.402155 0.439239 -0.0427219
-0.262323 -0.412984 -0.116931
0.446871 0.35973 0.0439897
-0.326279 -0.337256 -0.232864
0.532468 0.131117 -0.0280392
-0.282702 -0.166013 0.435277
0.3512 0.518598 -0.0259464
-0.259123 -0.300187 -0.353139
0.491832 0.261021 0.0426375
-0.331432 -0.387614 -0.0329064
0.503623 0.229939 -0.039882
-0.260733 -0.255809 0.394232
0.342077 0.532117 0.0167505
-0.273725 -0.168983 -0.439661
0.525454 0.159103 0.0353394
-0.329064 -0.362841 0.167975
0.462065 0.329307 -0.0431197
-0.260824 -0.391341 0.197148
0.384079 0.467845 0.0432291
-0.303997 -0.208043 -0.397868
0.541065 0.0872426 0.00872768
-0.31624 -0.269142 0.338463
0.411222 0.424082 -0.0434043
-0.262424 -0.419929 -0.0736594
0.437761 0.376818 0.0451872
-0.324483 -0.320666 -0.264388
0.535955 0.114891 -0.0236556
-0.288608 -0.168058 0.430461
0.358533 0.507372 -0.0330979
-0.258737 -0.329064 -0.317829
0.483654 0.281185 0.0428378
-0.331448 -0.382824 -0.0786377
0.511207 0.20769 -0.0384842
-0.263122 -0.219401 0.419034
0.338171 0.537934 0.0065625
-0.268012 -0.185235 -0.435454
0.519344 0.180959 0.0384191
-0.330675 -0.37436 0.124626
0.472766 0.306486 -0.0414971
-0.259378 -0.36554 0.257956
0.370488 0.488911 0.040179
-0.29654 -0.180203 -0.419149
0.539297 0.0973478 0.0171299
-0.321119 -0.296104 0.303146
0.424964 0.400274 -0.0439269
-0.262408 -0.424455 -7.21349e-05
0.423796 0.40175 0.0469938
-0.320753 -0.291279 -0.309511
0.539515 0.0962438 -0.0158809
-0.297226 -0.187449 0.414883
0.371628 0.487371 -0.0391984
-0.25948 -0.36521 -0.258489
0.471853 0.308052 0.0440888
-0.330563 -0.372569 -0.132071
0.519931 0.179412 -0.0361493
-0.268485 -0.187403 0.434056
0.338371 0.53766 -0.00553758
-0.262826 -0.217834 -0.42021
0.510539 0.209266 0.0407202
-0.331465 -0.384541 0.0659411
0.484446 0.279383 -0.0423642
-0.258744 -0.329584 0.31711
0.35777 0.508361 0.0339639
-0.288033 -0.165513 -0.431995
0.535656 0.116253 0.0245822
-0.324678 -0.324364 0.258109
0.43862 0.375679 -0.0423707
-0.262422 -0.420647 0.0675972
0.410352 0.425006 0.046362
-0.315889 -0.264209 -0.343673
0.541128 0.0869314 -0.00781286
-0.304429 -0.213966 0.393713
0.38491 0.467034 -0.0401256
-0.260921 -0.391233 -0.197319
0.461365 0.330195 0.0456145
-0.328947 -0.360675 -0.174438
0.525797 0.15829 -0.0334084
-0.274091 -0.170586 0.438708
0.342396 0.531712 -0.0161135
-0.26064 -0.255098 -0.394873
0.503145 0.230776 0.0419622
-0.33142 -0.387986 0.0262761
0.492288 0.260313 -0.0404076
-0.259169 -0.304129 0.348687
0.350851 0.518796 0.0289747
-0.282369 -0.160179 -0.438028
0.532214 0.131746 0.0296988
-0.326374 -0.340093 0.22714
0.447394 0.358763 -0.0437308
-0.262307 -0.413004 0.116866
0.401614 0.439621 0.0455216
-0.312162 -0.246341 -0.363186
0.541454 0.0850155 -0.00223804
-0.308509 -0.234444 0.37585
0.393538 0.453096 -0.0429408
-0.261819 -0.403678 -0.156974
0.454592 0.344183 0.0452164
-0.327677 -0.350767 -0.202035
0.528988 0.145898 -0.0304752
-0.277932 -0.167656 0.437608
0.346109 0.526219 -0.0208442
-0.259872 -0.277368 -0.375909
0.498271 0.244142 0.0424313
-0.331326 -0.388684 -0.000221212
0.497121 0.247776 -0.0401088
-0.259719 -0.285873 0.367758
0.347008 0.524458 0.0260048
-0.278817 -0.159896 -0.440414
0.529697 0.142807 0.0311157
-0.327395 -0.350821 0.202363
0.453098 0.347794 -0.0421417
-0.261967 -0.407521 0.142057
0.395302 0.449709 0.0458625
-0.309331 -0.231909 -0.377114
0.541475 0.0848955 0.00163146
-0.311352 -0.245209 0.364833
0.399796 0.443104 -0.0425739
-0.262238 -0.409774 -0.132078
0.449116 0.355266 0.044396
-0.32668 -0.342574 -0.221633
0.531466 0.135562 -0.0283092
-0.281269 -0.166999 0.435763
0.349646 0.52076 -0.0265881
-0.259324 -0.292617 -0.361137
0.493808 0.255938 0.0425916
-0.331381 -0.388034 -0.0257519
0.501635 0.235511 -0.0399877
-0.260363 -0.263278 0.388239
0.343498 0.529841 0.020667
-0.275298 -0.164184 -0.440797
0.526865 0.153996 0.0336376
-0.328547 -0.35852 0.181102
0.459225 0.33525 -0.0428572
-0.261231 -0.397777 0.177683
0.387727 0.461884 0.0447754
-0.305802 -0.217646 -0.390182
0.541256 0.0859293 0.00693356
-0.314714 -0.261422 0.347422
0.407514 0.430202 -0.0439945
-0.26241 -0.417826 -0.0890705
0.441551 0.369782 0.0447435
-0.32528 -0.32863 -0.250069
0.534615 0.12128 -0.0258331
-0.286153 -0.164406 0.433734
0.355322 0.512312 -0.0301733
-0.258807 -0.319567 -0.330362
0.487018 0.272694 0.044082
-0.331495 -0.385527 -0.0572642
0.508222 0.216544 -0.0398224
-0.261959 -0.236378 0.408283
0.33935 0.53616 0.0112108
-0.270178 -0.174625 -0.43927
0.521917 0.172051 0.0372311
-0.33013 -0.370268 0.141682
0.468599 0.31556 -0.0420707
-0.259886 -0.378084 0.231258
0.375648 0.480798 0.0425169
-0.29954 -0.191079 -0.411232
0.540173 0.0924607 0.0137871
-0.319406 -0.286991 0.316
0.419734 0.409203 -0.0453476
-0.262412 -0.423823 -0.0275745
0.429089 0.392626 0.0455758
-0.322323 -0.303115 -0.292681
0.538421 0.102213 -0.0191564
-0.294072 -0.18026 0.420856
0.366498 0.495258 -0.0371116
-0.259055 -0.354391 -0.278613
0.476144 0.298078 0.045362
-0.331019 -0.376501 -0.114418
0.517036 0.189144 -0.0372142
-0.266337 -0.197714 0.429905
0.337623 0.538748 -0.00128368
-0.264327 -0.205909 -0.426511
0.5137 0.199335 0.0404915
-0.331333 -0.38137 0.0882967
0.480603 0.28867 -0.0412067
-0.258792 -0.344604 0.294942
0.361611 0.502482 0.0364575
-0.290807 -0.166426 -0.429717
0.537029 0.1093 0.0226801
-0.323685 -0.315387 0.273578
0.434297 0.383576 -0.0431219
-0.262422 -0.422684 0.0461228
0.414602 0.418006 0.0454752
-0.31755 -0.27268 -0.333601
0.540777 0.088987 -0.0101341
-0.302288 -0.206893 0.399887
0.380752 0.473245 -0.0415298
-0.260447 -0.384256 -0.216078
0.464599 0.323378 0.04565
-0.329506 -0.36346 -0.165258
0.524116 0.16459 -0.0340136
-0.272315 -0.174497 0.438008
0.340881 0.533977 -0.0126284
-0.261146 -0.244138 -0.40311
0.505409 0.224391 0.0415728
-0.331469 -0.387138 0.0396257
0.489992 0.266081 -0.0405941
-0.258974 -0.311259 0.340508
0.352746 0.515946 0.0305223
-0.284016 -0.160162 -0.436969
0.533318 0.127114 0.0278801
-0.325909 -0.336661 0.234528
0.444834 0.363755 -0.0434851
-0.26237 -0.415824 0.101585
0.404235 0.435336 0.0455299
-0.313314 -0.252536 -0.356824
0.541393 0.0853311 -0.0036651
-0.307324 -0.22777 0.381829
0.390966 0.45715 -0.0430252
-0.261572 -0.399525 -0.171592
0.456698 0.3403 0.0435333
-0.328068 -0.353157 -0.195667
0.528044 0.149644 -0.0315602
-0.276725 -0.169656 0.43747
0.344881 0.528074 -0.0187096
-0.260081 -0.269229 -0.383227
0.4998 0.239901 0.0426354
-0.331346 -0.388558 0.0111287
0.495583 0.251873 -0.0398627
-0.259534 -0.290224 0.363476
0.348239 0.522809 0.0257692
-0.279969 -0.162052 -0.43877
0.530522 0.139016 0.0313117
-0.327054 -0.346354 0.213015
0.45119 0.351668 -0.0415144
-0.262119 -0.409661 0.132805
0.397471 0.446191 0.0460753
-0.310316 -0.237615 -0.371885
0.541467 0.0848546 0.00063793
-0.310372 -0.239638 0.370227
0.397615 0.446666 -0.0423396
-0.262126 -0.407625 -0.141342
0.451099 0.351231 0.0449389
-0.327034 -0.345226 -0.215495
0.530588 0.139278 -0.0294353
-0.280035 -0.164446 0.43769
0.34831 0.522843 -0.0244636
-0.259524 -0.288377 -0.365374
0.495494 0.251484 0.0427091
-0.331347 -0.388491 -0.0139591
0.499914 0.240277 -0.0398771
-0.260096 -0.271183 0.381464
0.344819 0.527857 0.022517
-0.276658 -0.162847 -0.440523
0.527972 0.149373 0.0335574
-0.328092 -0.356096 0.188272
0.456815 0.340263 -0.0424021
-0.261555 -0.402017 0.163261
0.390801 0.457169 0.0443221
-0.307248 -0.221752 -0.386201
0.541372 0.0852881 0.0049859
-0.313383 -0.254541 0.354972
0.404402 0.435307 -0.0442527
-0.262373 -0.415325 -0.104427
0.444675 0.363832 0.044676
-0.325878 -0.332968 -0.241502
0.533387 0.126975 -0.0271891
-0.284114 -0.167056 0.433888
0.352866 0.515938 -0.0291636
-0.258964 -0.309499 -0.342612
0.489846 0.265797 0.0435748
-0.331472 -0.38691 -0.0425834
0.505531 0.224608 -0.0388998
-0.261181 -0.246306 0.401442
0.340782 0.533866 0.0165058
-0.272211 -0.171921 -0.439268
0.524021 0.164427 0.0362219
-0.329541 -0.365977 0.157429
0.464823 0.323627 -0.042324
-0.260419 -0.385328 0.213454
0.380492 0.4734 0.042917
-0.302157 -0.200336 -0.403985
0.540759 0.0890706 0.0107953
-0.317642 -0.278006 0.327853
0.414852 0.41781 -0.0441571
-0.262421 -0.421933 -0.0550422
0.434034 0.383367 0.0467641
-0.323621 -0.313724 -0.276155
0.537114 0.109046 -0.0219342
-0.290976 -0.173505 0.426314
0.361844 0.502341 -0.0350102
-0.258801 -0.340061 -0.30193
0.480389 0.288544 0.0443751
-0.331321 -0.380846 -0.0914131
0.513873 0.199378 -0.0379514
-0.264424 -0.208436 0.424967
0.337611 0.538766 0.00275832
-0.266221 -0.190779 -0.433702
0.516867 0.189107 0.0396826
-0.331041 -0.37825 0.106111
0.476412 0.298199 -0.0421353
-0.259036 -0.35583 0.276134
0.366228 0.495444 0.0385711
-0.293894 -0.173205 -0.424451
0.538343 0.102457 0.0199091
-0.322404 -0.304925 0.29013
0.429374 0.392349 -0.0442688
-0.262413 -0.42395 0.0246422
0.419436 0.409448 0.0466744
-0.319306 -0.281812 -0.322029
0.540206 0.0923151 -0.013079
-0.299693 -0.197854 0.407271
0.37591 0.481008 -0.0385956
-0.259916 -0.374542 -0.239024
0.468362 0.315379 0.0453711
-0.330094 -0.367977 -0.149701
0.522057 0.171799 -0.0363525
-0.270301 -0.177261 0.437953
0.339422 0.536114 -0.00978535
-0.261908 -0.229987 -0.412793
0.508061 0.2168 0.0407598
-0.331494 -0.385843 0.0542394
0.487202 0.272921 -0.0410379
-0.258813 -0.321277 0.328159
0.355159 0.512035 0.0340626
-0.286025 -0.16177 -0.434967
0.534533 0.121469 0.026542
-0.325318 -0.330044 0.247531
0.44174 0.369648 -0.0435258
-0.262409 -0.41825 0.0862047
0.407325 0.430283 0.0452848
-0.314635 -0.259408 -0.349392
0.541283 0.085978 -0.00557247
-0.305892 -0.219926 0.388549
0.387915 0.462249 -0.0409675
-0.261252 -0.395067 -0.185907
0.45908 0.33533 0.0439887
-0.32852 -0.357538 -0.183769
0.526933 0.153907 -0.0328802
-0.275376 -0.171041 0.43769
0.343567 0.530023 -0.016842
-0.260343 -0.261266 -0.389963
0.501539 0.235588 0.0409177
-0.33138 -0.388367 0.0175022
0.493889 0.256298 -0.0397051
-0.259337 -0.298022 0.355358
0.349556 0.520729 0.0279052
-0.281199 -0.160204 -0.438769
0.531423 0.135337 0.0301564
-0.326701 -0.343745 0.219151
0.449235 0.355257 -0.0432394
-0.262234 -0.411671 0.123486
0.399646 0.442636 0.0463055
-0.311296 -0.243207 -0.366545
0.541477 0.0848983 -0.00112723
-0.309388 -0.237712 0.372578
0.395448 0.450176 -0.0421177
-0.261978 -0.405346 -0.150535
0.452973 0.347348 0.0455467
-0.327376 -0.347679 -0.209581
0.52974 0.142771 -0.0304278
-0.278886 -0.166672 0.437441
0.347095 0.524733 -0.022209
-0.259709 -0.280291 -0.373237
0.497013 0.247372 0.0429208
-0.331326 -0.388624 -0.00799204
0.498357 0.244535 -0.0396443
-0.259882 -0.279272 0.374095
0.346027 0.525965 0.0246421
-0.277865 -0.16087 -0.440605
0.528948 0.145622 0.0324221
-0.327698 -0.351824 0.199502
0.454707 0.344612 -0.0418251
-0.261806 -0.404435 0.154233
0.393399 0.453085 0.04422
-0.308452 -0.228567 -0.380332
0.541455 0.0850128 0.00275432
-0.312225 -0.248344 0.361428
0.40173 0.440058 -0.0417896
-0.262311 -0.412431 -0.119682
0.447253 0.358795 0.0449007
-0.326351 -0.338862 -0.229624
0.532292 0.131939 -0.0278741
-0.282448 -0.16701 0.434995
0.35095 0.518814 -0.0276418
-0.259156 -0.298814 -0.354625
0.492161 0.259977 0.0433331
-0.331421 -0.387516 -0.0345554
0.50326 0.231062 -0.0392565
-0.260663 -0.257168 0.393167
0.342317 0.531735 0.0174695
-0.273999 -0.168072 -0.439899
0.525722 0.15842 0.0341982
-0.328977 -0.361622 0.171691
0.461558 0.330509 -0.0422687
-0.260897 -0.392201 0.194659
0.384714 0.466722 0.0439641
-0.304322 -0.211579 -0.395358
0.541107 0.0869681 0.00842501
-0.315979 -0.266241 0.341601
0.410551 0.425318 -0.0426146
-0.262423 -0.419578 -0.0764509
0.438417 0.375424 0.0459602
-0.32463 -0.322847 -0.260675
0.535727 0.116022 -0.023856
-0.288176 -0.168227 0.430673
0.357953 0.508272 -0.0325449
-0.258741 -0.327923 -0.319391
0.484241 0.279633 0.0434516
-0.331463 -0.383436 -0.0743333
0.510721 0.208959 -0.0397777
-0.2629 -0.224414 0.415914
0.338301 0.537621 0.00947694
-0.268362 -0.180396 -0.437632
0.519785 0.179346 0.0385312
-0.330589 -0.374592 0.123886
0.472095 0.307753 -0.0429477
-0.259453 -0.369062 0.250926
0.371336 0.487575 0.0406474
-0.297054 -0.184672 -0.416482
0.53946 0.0964426 0.0166185
-0.320846 -0.296265 0.303227
0.424082 0.401924 -0.0432659
-0.262408 -0.424448 -0.00286718
0.424644 0.400092 0.0476499
-0.321026 -0.294195 -0.305641
0.539354 0.0971394 -0.0163883
-0.296717 -0.18717 0.415394
0.370776 0.488707 -0.0387268
-0.259403 -0.364209 -0.260487
0.472541 0.306361 0.0447628
-0.330647 -0.373626 -0.12769
0.51951 0.180645 -0.0375036
-0.268131 -0.187878 0.434033
0.338211 0.537895 -0.0051044
-0.263043 -0.216977 -0.420616
0.511034 0.20761 0.0410724
-0.331454 -0.383998 0.0702489
0.483851 0.280921 -0.0417458
-0.258738 -0.333851 0.311111
0.358339 0.507468 0.0345222
-0.288459 -0.165327 -0.431793
0.535879 0.115127 0.0243855
-0.324535 -0.322214 0.261827
0.437991 0.376623 -0.0439375
-0.262424 -0.420956 0.064796
0.410981 0.423769 0.0471524
-0.316144 -0.263696 -0.343931
0.541082 0.0871991 -0.00810779
-0.304106 -0.214412 0.393664
0.384305 0.467731 -0.0418738
-0.260849 -0.39036 -0.199803
0.461888 0.329444 0.0442537
-0.329032 -0.360179 -0.175659
0.525538 0.159309 -0.0332038
-0.273818 -0.171507 0.438457
0.34215 0.53209 -0.0153896
-0.26071 -0.253726 -0.395934
0.503508 0.23007 0.0408117
-0.331429 -0.387786 0.0299992
0.49196 0.260932 -0.0416326
-0.259136 -0.305481 0.347166
0.351122 0.518309 0.0297795
-0.282613 -0.159166 -0.438296
0.53241 0.131219 0.0287203
-0.326302 -0.34079 0.225835
0.446999 0.359687 -0.042817
-0.262319 -0.413544 0.114111
0.401995 0.438792 0.046454
-0.312335 -0.24537 -0.363851
0.54144 0.0850565 -0.00228208
-0.308333 -0.231665 0.378117
0.393133 0.453882 -0.0420132
-0.261783 -0.402949 -0.159638
0.454939 0.343789 0.0438981
-0.327734 -0.350069 -0.203567
0.528864 0.146291 -0.0314252
-0.277739 -0.168926 0.437158
0.345901 0.52656 -0.0199617
-0.259904 -0.275862 -0.377299
0.498536 0.243734 0.0413132
-0.331329 -0.388673 0.00324013
0.496854 0.248582 -0.0393697
-0.259687 -0.287354 0.366291
0.347231 0.524353 0.0244042
-0.27901 -0.162996 -0.438974
0.52983 0.142126 0.0314094
-0.32734 -0.349494 0.20553
0.452803 0.34816 -0.0434621
-0.261997 -0.406749 0.145085
0.395692 0.449411 0.0443392
-0.309499 -0.234605 -0.374916
0.541469 0.0848789 0.00162458
-0.311184 -0.246248 0.364099
0.399412 0.443856 -0.0416194
-0.262224 -0.41047 -0.129024
0.449438 0.354418 0.0453298
-0.326738 -0.341838 -0.223065
0.531339 0.136012 -0.0292459
-0.281064 -0.163799 0.437313
0.349412 0.521173 -0.0257336
-0.259356 -0.29118 -0.362612
0.494078 0.255016 0.0433094
-0.331376 -0.388198 -0.0221633
0.501321 0.236483 -0.0393092
-0.260314 -0.264725 0.387027
0.343711 0.529465 0.0214656
-0.275531 -0.163099 -0.441118
0.527056 0.153122 0.033879
-0.328466 -0.359083 0.179724
0.458792 0.336283 -0.0419627
-0.26129 -0.398569 0.175097
0.388287 0.461339 0.0431125
-0.306057 -0.216956 -0.390447
0.54131 0.0858424 0.00595511
-0.314478 -0.262109 0.346978
0.406956 0.431261 -0.0431438
-0.262406 -0.417402 -0.0918547
0.442093 0.368572 0.045576
-0.325386 -0.328062 -0.250915
0.534403 0.122315 -0.0258824
-0.285793 -0.16491 0.433748
0.354866 0.513028 -0.0295244
-0.258828 -0.318354 -0.331887
0.487543 0.271762 0.0427388
-0.331492 -0.385393 -0.0585083
0.507754 0.218028 -0.0393544
-0.261812 -0.237442 0.407615
0.339577 0.535826 0.011738
-0.270523 -0.174051 -0.439325
0.522283 0.170639 0.0373454
-0.330035 -0.36914 0.145873
0.467967 0.316684 -0.0434925
-0.259975 -0.379018 0.229041
0.376462 0.479467 0.043062
-0.299992 -0.191188 -0.410839
0.540287 0.0918012 0.0133038
-0.319121 -0.28402 0.319719
0.418902 0.410766 -0.0446661
-0.262414 -0.423688 -0.0303703
0.429923 0.390981 0.0462492
-0.322555 -0.305812 -0.28874
0.538219 0.103296 -0.0196127
-0.293553 -0.179979 0.421358
0.365694 0.496499 -0.0366645
-0.258998 -0.350538 -0.285178
0.476882 0.296785 0.0438956
-0.331081 -0.37743 -0.10994
0.516556 0.190498 -0.0385845
-0.266007 -0.198211 0.429838
0.337572 0.538827 -0.000910553
-0.264613 -0.205278 -0.426701
0.51421 0.197582 0.0407267
-0.331293 -0.381528 0.087489
0.479966 0.289931 -0.0426501
-0.25882 -0.345657 0.293259
0.362315 0.501392 0.0369365
-0.291302 -0.170833 -0.427359
0.537249 0.108147 0.0223258
-0.323492 -0.3157 0.273326
0.43355 0.384682 -0.0447695
-0.262422 -0.422893 0.0433209
0.415349 0.416585 0.0462022
-0.317835 -0.275671 -0.330182
0.540699 0.0894388 -0.0105383
-0.301902 -0.20303 0.40256
0.380002 0.474489 -0.0408918
-0.260364 -0.383335 -0.218431
0.46521 0.322435 0.0442566
-0.329603 -0.36469 -0.161325
0.523833 0.16546 -0.0352359
-0.272001 -0.175227 0.437861
0.340632 0.534346 -0.0120039
-0.261251 -0.242899 -0.403972
0.505794 0.223082 0.042118
-0.331476 -0.386831 0.0435335
0.489593 0.26686 -0.041876
-0.258945 -0.31254 0.338989
0.353097 0.515353 0.0312528
-0.284313 -0.159388 -0.437102
0.533499 0.126186 0.0279429
-0.325824 -0.334938 0.237918
0.444356 0.364809 -0.0426066
-0.262378 -0.416292 0.0988089
0.404685 0.434399 0.0464249
-0.313513 -0.251695 -0.357389
0.541369 0.0854169 -0.00377545
-0.307113 -0.224801 0.384152
0.390502 0.458024 -0.0421431
-0.261525 -0.398737 -0.174209
0.457055 0.339377 0.0444529
-0.328139 -0.354455 -0.192346
0.527856 0.150414 -0.0312804
-0.276525 -0.166468 0.439029
0.344701 0.528231 -0.020353
-0.260119 -0.267734 -0.384527
0.500094 0.239434 0.0415172
-0.331349 -0.388591 0.00924121
0.495342 0.252311 -0.0410133
-0.259502 -0.291683 0.361987
0.348436 0.522431 0.0266522
-0.280159 -0.160793 -0.439184
0.53069 0.13863 0.030387
-0.326996 -0.347085 0.211493
0.450904 0.352041 -0.0428477
-0.262139 -0.410272 0.130078
0.397852 0.445905 0.0445641
-0.310468 -0.236534 -0.372604
0.541485 0.084858 -0.00013306
-0.310212 -0.240713 0.369494
0.397244 0.447391 -0.0413789
-0.262104 -0.406962 -0.144046
0.451425 0.350873 0.0436065
-0.327086 -0.34448 -0.21701
0.53043 0.139966 -0.0291542
-0.279843 -0.165708 0.437258
0.3481 0.52321 -0.0235786
-0.259554 -0.286903 -0.366843
0.495772 0.251063 0.0415596
-0.331339 -0.388441 -0.0158534
0.499631 0.241145 -0.0391636
-0.260058 -0.272671 0.380138
0.34501 0.527495 0.0233708
-0.27686 -0.161636 -0.440911
0.528164 0.148939 0.0325636
-0.328026 -0.35483 0.191601
0.456434 0.341166 -0.0414772
-0.261603 -0.401121 0.166251
0.391235 0.456298 0.0452094
-0.307463 -0.224719 -0.383929
0.541412 0.0852552 0.00410303
-0.313179 -0.255392 0.354381
0.403937 0.436221 -0.0433519
-0.262364 -0.41483 -0.107195
0.445115 0.362786 0.0455564
-0.325965 -0.334707 -0.238158
0.533196 0.127889 -0.0271083
-0.283828 -0.16351 0.435651
0.352515 0.516511 -0.0284243
-0.258995 -0.3082 -0.344118
0.490278 0.265048 0.0422962
-0.331463 -0.386795 -0.0440657
0.505162 0.225492 -0.0400798
-0.261082 -0.247556 0.400547
0.341026 0.533485 0.0171423
-0.27252 -0.171171 -0.43942
0.524309 0.163232 0.0363719
-0.329447 -0.364784 0.161357
0.464235 0.324987 -0.0415177
-0.260502 -0.386232 0.211075
0.381219 0.472164 0.043566
-0.302544 -0.204182 -0.401374
0.54083 0.0886443 0.0103998
-0.317365 -0.275056 0.331284
0.414098 0.419205 -0.0434216
-0.262423 -0.421669 -0.0578373
0.434815 0.382291 0.0451226
-0.323801 -0.313393 -0.276433
0.53689 0.110203 -0.0222666
-0.290491 -0.173417 0.426685
0.361152 0.503407 -0.0345244
-0.25878 -0.338979 -0.303575
0.481028 0.286867 0.0449776
-0.331351 -0.380681 -0.0922353
0.513374 0.200736 -0.0392914
-0.26414 -0.213323 0.422194
0.337648 0.538622 0.00562031
-0.266563 -0.19029 -0.43375
0.517353 0.187381 0.0398292
-0.330979 -0.377355 0.110603
0.475688 0.29993 -0.0414985
-0.259094 -0.356843 0.2743
0.367038 0.494186 0.0390176
-0.294417 -0.177734 -0.421884
0.53854 0.101392 0.0194379
-0.322164 -0.305126 0.290117
0.428515 0.393995 -0.043596
-0.26241 -0.424246 0.0158052
0.420257 0.407865 0.0473495
-0.319596 -0.284816 -0.318331
0.540086 0.0930047 -0.0135647
-0.299237 -0.193639 0.410025
0.375118 0.481942 -0.0405565
-0.25983 -0.373572 -0.241195
0.469045 0.314249 0.0439419
-0.33019 -0.369143 -0.145506
0.521671 0.173233 -0.036233
-0.269947 -0.182188 0.435776
0.339201 0.536437 -0.00926978
-0.262068 -0.228936 -0.413411
0.508518 0.215292 0.0412092
-0.331494 -0.385409 0.0583641
0.486711 0.273885 -0.0423843
-0.258794 -0.322473 0.32662
0.355613 0.511291 0.0347015
-0.28639 -0.161301 -0.434928
0.534737 0.120424 0.0264712
-0.325201 -0.330591 0.246706
0.44116 0.37087 -0.0426965
-0.262413 -0.418647 0.0834147
0.407872 0.429199 0.0461279
-0.314867 -0.258737 -0.349808
0.541249 0.0861424 -0.00577489
-0.305623 -0.220589 0.388299
0.387389 0.462822 -0.0426388
-0.261192 -0.394227 -0.18846
0.459493 0.334273 0.0448759
-0.328597 -0.356969 -0.185122
0.526719 0.154793 -0.0326382
-0.275145 -0.16772 0.43934
0.343367 0.530213 -0.018542
-0.260394 -0.259818 -0.391146
0.501831 0.234596 0.0415867
-0.331389 -0.388233 0.0211063
0.49362 0.256817 -0.0408904
-0.259304 -0.299428 0.353844
0.34978 0.520302 0.0287552
-0.281411 -0.159048 -0.439118
0.531557 0.134589 0.0303797
-0.326636 -0.344464 0.217719
0.44888 0.356103 -0.0423054
-0.262249 -0.41224 0.120741
0.400044 0.442321 0.0447901
-0.311457 -0.242167 -0.36726
0.541467 0.0849172 -0.00113688
-0.309227 -0.235028 0.374814
0.395064 0.450916 -0.0411674
-0.261949 -0.404644 -0.153217
0.453309 0.346992 0.0442259
-0.327434 -0.349034 -0.206433
0.529587 0.14345 -0.030129
-0.278698 -0.167963 0.436982
0.34689 0.525078 -0.021316
-0.259739 -0.278783 -0.374659
0.497285 0.24698 0.0417928
-0.331326 -0.388665 -0.00453309
0.498132 0.244949 -0.0407613
-0.259849 -0.280767 0.372682
0.346249 0.525851 0.0230337
-0.27806 -0.163988 -0.439148
0.52911 0.145241 0.0314734
-0.327636 -0.352512 0.197954
0.454404 0.345012 -0.0431422
-0.261841 -0.405139 0.151556
0.393774 0.452298 0.0451505
-0.308633 -0.231353 -0.378109
0.541455 0.0849755 0.00271566
-0.312047 -0.249319 0.36074
0.401364 0.440439 -0.0433172
-0.262298 -0.411866 -0.122427
0.447613 0.357874 0.0458151
-0.326415 -0.338147 -0.230934
0.532113 0.132745 -0.0276935
-0.282213 -0.163683 0.436623
0.350674 0.519285 -0.0268305
-0.259189 -0.29743 -0.356109
0.492523 0.259385 0.0421109
-0.331415 -0.387746 -0.0308534
0.502944 0.23176 -0.0404006
-0.260597 -0.258543 0.392075
0.342554 0.531353 0.0182031
-0.274266 -0.167129 -0.440152
0.525959 0.157419 0.0344025
-0.328886 -0.362113 0.170442
0.461054 0.331677 -0.0414083
-0.260967 -0.393053 0.192155
0.385325 0.465621 0.0447146
-0.30463 -0.211101 -0.395428
0.541144 0.0867182 0.00814103
-0.31572 -0.266771 0.341314
0.409949 0.426089 -0.0442598
-0.262422 -0.419214 -0.0792408
0.439043 0.374058 0.046742
-0.324766 -0.32238 -0.261265
0.535499 0.117141 -0.024029
-0.287756 -0.168451 0.43085
0.357395 0.50914 -0.0319766
-0.258748 -0.326773 -0.320946
0.484804 0.27811 0.0440664
-0.331475 -0.384011 -0.0700583
0.510215 0.210595 -0.039405
-0.262697 -0.225291 0.415464
0.338483 0.537365 0.00991996
-0.268721 -0.179914 -0.437647
0.520212 0.177763 0.0386386
-0.330505 -0.373572 0.128269
0.47139 0.309426 -0.0422617
-0.259535 -0.370029 0.248882
0.372183 0.486232 0.0411253
-0.297553 -0.184942 -0.415981
0.539614 0.095576 0.0161065
-0.320575 -0.293375 0.30713
0.423246 0.403126 -0.0450098
-0.262407 -0.424341 -0.0117064
0.425543 0.398897 0.0459074
-0.321286 -0.294033 -0.305563
0.539186 0.0980713 -0.0168922
-0.296203 -0.186878 0.415914
0.369926 0.490033 -0.0382633
-0.259328 -0.363211 -0.262456
0.473224 0.304654 0.0454251
-0.330725 -0.373392 -0.128418
0.519051 0.182274 -0.0373806
-0.267778 -0.188348 0.43401
0.338066 0.538109 -0.00468435
-0.263271 -0.216159 -0.420987
0.511566 0.206338 0.0397664
-0.331439 -0.383417 0.0745851
0.483233 0.282484 -0.041128
-0.258741 -0.33496 0.309515
0.35893 0.506544 0.0350657
-0.288895 -0.165196 -0.431559
0.536101 0.113991 0.0241621
-0.324382 -0.322641 0.261317
0.4373 0.378029 -0.0431683
-0.262425 -0.421253 0.0619953
0.411673 0.422967 0.0454911
-0.316413 -0.266639 -0.340804
0.541032 0.0874924 -0.00842055
-0.303782 -0.210863 0.396235
0.383643 0.468863 -0.0411487
-0.260775 -0.389481 -0.202269
0.462378 0.328215 0.0450953
-0.329124 -0.361436 -0.17194
0.525305 0.16002 -0.0343505
-0.273539 -0.172397 0.438222
0.341902 0.532467 -0.0146806
-0.260784 -0.252374 -0.396967
0.503853 0.228923 0.0414246
-0.331435 -0.38787 0.0283679
0.491598 0.261985 -0.0409356
-0.259103 -0.306821 0.345644
0.351401 0.517806 0.0305737
-0.282875 -0.162562 -0.436682
0.532572 0.130385 0.028871
-0.326233 -0.339203 0.229115
0.44658 0.360625 -0.0419071
-0.26233 -0.41407 0.111352
0.402435 0.438407 0.044919
-0.312521 -0.248043 -0.361428
0.54142 0.0851033 -0.00233477
-0.308142 -0.232638 0.377531
0.39271 0.454676 -0.0410915
-0.261745 -0.402209 -0.162294
0.455255 0.342939 0.0448342
-0.327799 -0.351396 -0.200353
0.528705 0.147001 -0.0311303
-0.277555 -0.165809 0.43867
0.345734 0.526696 -0.0215762
-0.259937 -0.274356 -0.378674
0.498772 0.242902 0.0420372
-0.331329 -0.38868 0.00130872
0.496638 0.248991 -0.0404998
-0.259662 -0.285164 0.368508
0.347418 0.523995 0.0252973
-0.279193 -0.161702 -0.439413
0.529954 0.141446 0.0316996
-0.32728 -0.350209 0.203971
0.452488 0.348952 -0.0425137
-0.262023 -0.407415 0.142384
0.396035 0.448667 0.045293
-0.309657 -0.233535 -0.375606
0.541458 0.0848654 0.00162179
-0.311027 -0.243644 0.366411
0.399081 0.444178 -0.0431317
-0.262207 -0.409863 -0.131752
0.449789 0.354029 0.0439787
-0.326799 -0.343313 -0.219914
0.531184 0.136739 -0.0290011
-0.280854 -0.164985 0.436928
0.34918 0.521576 -0.0248726
-0.259393 -0.293355 -0.360316
0.494393 0.254538 0.0421316
-0.33137 -0.388337 -0.0185915
0.501055 0.237037 -0.0404317
-0.260267 -0.26618 0.385793
0.343959 0.529301 0.0197833
-0.275767 -0.166395 -0.439539
0.527234 0.152269 0.0341253
-0.328392 -0.357842 0.183193
0.458401 0.336865 -0.0432959
-0.261346 -0.399351 0.1725
0.388802 0.460377 0.0439471
-0.30631 -0.220123 -0.388084
0.541329 0.0857053 0.00577886
-0.314258 -0.25934 0.349793
0.406406 0.43229 -0.0422837
-0.262401 -0.416966 -0.0946356
0.442606 0.367389 0.0464159
-0.325493 -0.329968 -0.247434
0.534192 0.123329 -0.0259068
-0.285444 -0.165467 0.43373
0.354428 0.513716 -0.0288598
-0.258847 -0.313775 -0.33756
0.488016 0.270429 0.043383
-0.331491 -0.385823 -0.0544497
0.507288 0.219476 -0.0388669
-0.261673 -0.238541 0.406911
0.33981 0.535482 0.0122832
-0.270864 -0.173451 -0.439394
0.522632 0.169264 0.0374622
-0.329936 -0.369462 0.144969
0.467325 0.318208 -0.0427425
-0.260063 -0.379951 0.226798
0.377263 0.478146 0.0436231
-0.300444 -0.195348 -0.40817
0.540394 0.0911828 0.012832
-0.318828 -0.284246 0.319749
0.418077 0.412303 -0.0439768
-0.262416 -0.42354 -0.0331664
0.430739 0.389346 0.0469275
-0.322776 -0.305585 -0.288803
0.538012 0.1044 -0.0200521
-0.293048 -0.17549 0.423937
0.364905 0.497714 -0.036215
-0.258951 -0.349495 -0.286944
0.477571 0.295051 0.0445147
-0.331137 -0.378322 -0.105457
0.516045 0.192242 -0.0384075
-0.265682 -0.198725 0.429755
0.337539 0.538878 -0.000541267
-0.264905 -0.200397 -0.429301
0.514764 0.196226 0.0393667
-0.331255 -0.38079 0.0919687
0.479282 0.291627 -0.0420373
-0.258852 -0.346705 0.29156
0.363039 0.500271 0.0374065
-0.291796 -0.170992 -0.426947
0.537467 0.107002 0.0219485
-0.323298 -0.313239 0.277252
0.432759 0.386249 -0.0440611
-0.26242 -0.423088 0.0405208
0.416105 0.415133 0.0469188
-0.318117 -0.275369 -0.330229
0.540615 0.0899263 -0.010958
-0.301494 -0.203131 0.402801
0.379233 0.47575 -0.0402711
-0.260279 -0.38241 -0.220762
0.465787 0.321013 0.0450399
-0.329701 -0.3659 -0.157341
0.523508 0.16671 -0.0350892
-0.271682 -0.175925 0.43773
0.340385 0.53471 -0.0113968
-0.261363 -0.24169 -0.404801
0.506239 0.222158 0.0409192
-0.33148 -0.386941 0.0421106
0.489153 0.268082 -0.0412094
-0.258916 -0.313808 0.337469
0.353462 0.514739 0.0319693
-0.284631 -0.163021 -0.43534
0.533679 0.125239 0.0279845
-0.32573 -0.335564 0.236862
0.443893 0.365455 -0.0440539
-0.262385 -0.416748 0.0960304
0.405189 0.4339 0.0448557
-0.313724 -0.25444 -0.354762
0.541377 0.0854701 -0.00468069
-0.306888 -0.225635 0.383729
0.390017 0.458911 -0.0412704
-0.261476 -0.397939 -0.176815
0.457407 0.338432 0.0453668
-0.328206 -0.353823 -0.193797
0.527711 0.150882 -0.0322859
-0.276312 -0.167646 0.43864
0.344488 0.528587 -0.019512
-0.260158 -0.266244 -0.385809
0.500346 0.238534 0.0422169
-0.331355 -0.388516 0.012762
0.495067 0.253164 -0.0402805
-0.25947 -0.293134 0.360492
0.348632 0.522045 0.0275312
-0.280351 -0.159546 -0.439587
0.530822 0.137929 0.0306531
-0.326941 -0.345684 0.214646
0.45057 0.352841 -0.0419022
-0.262161 -0.409567 0.133132
0.398188 0.445165 0.0455236
-0.310632 -0.239172 -0.370382
0.541481 0.0848616 -0.000127894
-0.310048 -0.241784 0.368758
0.396923 0.447695 -0.0428915
-0.262084 -0.407725 -0.141017
0.451726 0.350076 0.0445531
-0.327145 -0.345889 -0.213889
0.530318 0.140353 -0.0300744
-0.279651 -0.166978 0.436815
0.347888 0.523571 -0.0226909
-0.259584 -0.285421 -0.368305
0.496015 0.250229 0.0422928
-0.331338 -0.388535 -0.0123639
0.499402 0.241604 -0.0402778
-0.260022 -0.274162 0.378794
0.345242 0.527363 0.0217386
-0.277069 -0.164813 -0.439414
0.528317 0.14819 0.0328441
-0.327956 -0.355472 0.190098
0.456109 0.341631 -0.0427976
-0.261646 -0.401874 0.163612
0.391698 0.45589 0.0436243
-0.307663 -0.223811 -0.384415
0.541418 0.0851851 0.00401295
-0.312988 -0.25271 0.356955
0.403475 0.437112 -0.042444
-0.262355 -0.414322 -0.109958
0.445572 0.362214 0.0441325
-0.326046 -0.336407 -0.234827
0.533003 0.128784 -0.0270075
-0.283542 -0.164355 0.435467
0.352176 0.517064 -0.027672
-0.259026 -0.30689 -0.345623
0.490665 0.2639 0.0429732
-0.331457 -0.387102 -0.0402161
0.504764 0.22674 -0.0395037
-0.260989 -0.248833 0.399619
0.341308 0.533265 0.0153068
-0.272822 -0.170388 -0.439589
0.524629 0.16243 0.0351684
-0.32935 -0.3652 0.160263
0.463709 0.325893 -0.0428978
-0.26058 -0.389191 0.203288
0.381924 0.470949 0.0442321
-0.302913 -0.203951 -0.401236
0.540894 0.0882515 0.0100221
-0.317089 -0.272101 0.334642
0.413394 0.420128 -0.045112
-0.262424 -0.421393 -0.0606321
0.435549 0.380784 0.0458541
-0.323979 -0.315784 -0.272623
0.536663 0.111359 -0.0225734
-0.290026 -0.169096 0.429031
0.360481 0.50444 -0.0340272
-0.258764 -0.337893 -0.305206
0.481707 0.285656 0.043538
-0.331382 -0.381418 -0.0878238
0.512848 0.20247 -0.0390157
-0.263878 -0.214008 0.42194
0.337749 0.538491 0.00600448
-0.266909 -0.189812 -0.433788
0.517875 0.186064 0.0384504
-0.330912 -0.376424 0.115081
0.475009 0.301236 -0.0429587
-0.259155 -0.360557 0.26756
0.367858 0.492908 0.0394651
-0.294934 -0.178039 -0.421371
0.538732 0.100354 0.0189543
-0.321923 -0.302393 0.29409
0.427643 0.395645 -0.0429267
-0.26241 -0.424314 0.0130092
0.421126 0.406731 0.0456054
-0.319875 -0.284631 -0.318258
0.539958 0.0937351 -0.0140577
-0.298761 -0.193473 0.410463
0.37428 0.48328 -0.0400355
-0.259745 -0.372603 -0.243338
0.469702 0.312649 0.0446597
-0.330284 -0.370282 -0.141268
0.521269 0.1747 -0.0361137
-0.269599 -0.182724 0.435728
0.338989 0.536746 -0.00877134
-0.262237 -0.227924 -0.413992
0.508977 0.213752 0.0416382
-0.331489 -0.385538 0.0571859
0.486182 0.275297 -0.04175
-0.258777 -0.323658 0.32508
0.356127 0.51086 0.0328257
-0.286765 -0.160887 -0.434857
0.534941 0.119361 0.0263749
-0.325085 -0.328634 0.250312
0.440598 0.371687 -0.0442113
-0.262417 -0.41903 0.0806237
0.408427 0.428085 0.0469607
-0.315108 -0.261579 -0.346917
0.541211 0.0863242 -0.00599373
-0.305354 -0.217318 0.390755
0.38682 0.463836 -0.0418375
-0.26113 -0.393379 -0.191
0.459947 0.333635 0.0435326
-0.32868 -0.358246 -0.181596
0.526492 0.155701 -0.0324012
-0.2749 -0.168759 0.439028
0.343137 0.530585 -0.0177628
-0.260448 -0.258383 -0.392306
0.502121 0.23358 0.0422459
-0.331394 -0.388295 0.0193413
0.493299 0.257758 -0.0401721
-0.259271 -0.300823 0.352327
0.350008 0.519864 0.0295977
-0.28164 -0.162301 -0.437592
0.531741 0.134129 0.0294307
-0.326577 -0.342985 0.220926
0.448544 0.356531 -0.0436686
-0.262263 -0.412796 0.117993
0.400401 0.441544 0.0457388
-0.311626 -0.244799 -0.364942
0.541452 0.0849398 -0.00115143
-0.309056 -0.236072 0.374141
0.394726 0.451243 -0.0426968
-0.261919 -0.403929 -0.155892
0.453602 0.346184 0.0451706
-0.327489 -0.348312 -0.207981
0.529465 0.143825 -0.0310601
-0.27852 -0.164877 0.438467
0.346724 0.525202 -0.0229177
-0.259774 -0.281013 -0.372498
0.49751 0.246166 0.0425252
-0.331326 -0.388683 -0.00107573
0.497879 0.245761 -0.0400285
-0.259817 -0.282261 0.371256
0.346435 0.525501 0.0239212
-0.278245 -0.162702 -0.439586
0.52925 0.144548 0.0317695
-0.327578 -0.351209 0.201157
0.454076 0.345828 -0.0421988
-0.261873 -0.405831 0.148874
0.394176 0.451966 0.0436088
-0.308806 -0.230333 -0.378732
0.54145 0.0849431 0.00268488
-0.311876 -0.246691 0.363137
0.400963 0.441234 -0.0423765
-0.262284 -0.411288 -0.125167
0.448009 0.357423 0.0444365
-0.326483 -0.339718 -0.227732
0.531976 0.133254 -0.0286543
-0.281976 -0.164744 0.436311
0.350404 0.51974 -0.0260096
-0.259221 -0.296034 -0.35759
0.492838 0.258388 0.0428157
-0.331408 -0.38795 -0.0271748
0.502607 0.23283 -0.0397573
-0.260535 -0.259935 0.390956
0.342786 0.530972 0.0189506
-0.274525 -0.166157 -0.440419
0.526181 0.156445 0.0346129
-0.328803 -0.360895 0.174087
0.460613 0.332396 -0.042759
-0.261035 -0.393897 0.189637
0.385958 0.464984 0.0429923
-0.304923 -0.210579 -0.395535
0.541175 0.0864913 0.00787559
-0.315471 -0.263905 0.344353
0.409324 0.427265 -0.0434502
-0.26242 -0.418836 -0.0820288
0.439701 0.373183 0.0451939
-0.324901 -0.324486 -0.257626
0.535271 0.118245 -0.0241747
-0.287347 -0.168731 0.430994
0.356858 0.509975 -0.0313928
-0.258758 -0.325615 -0.322496
0.485384 0.277051 0.0426807
-0.331484 -0.384547 -0.0658145
0.509711 0.212202 -0.0390109
-0.262504 -0.226208 0.414976
0.338676 0.537091 0.0103782
-0.269079 -0.17942 -0.437668
0.520668 0.176592 0.0372897
-0.330418 -0.372522 0.132616
0.470685 0.311075 -0.0415634
-0.259619 -0.370998 0.24681
0.373027 0.484887 0.0416141
-0.298043 -0.185189 -0.415497
0.539761 0.0947494 0.0155962
-0.320299 -0.29045 0.310987
0.422381 0.404759 -0.0443472
-0.262408 -0.42428 -0.0144994
0.426398 0.397235 0.0465656
-0.321549 -0.296902 -0.301671
0.539011 0.0990375 -0.0173905
-0.295698 -0.182404 0.418623
0.369082 0.491347 -0.0378063
-0.259254 -0.359546 -0.269308
0.473961 0.303384 0.0439633
-0.330803 -0.374429 -0.123998
0.518578 0.183928 -0.0372499
-0.267426 -0.188816 0.433986
0.337935 0.538299 -0.00427621
-0.263503 -0.211155 -0.423911
0.51208 0.204642 0.0400851
-0.331419 -0.382797 0.0789475
0.482643 0.283655 -0.0425432
-0.258747 -0.336062 0.30791
0.359542 0.505588 0.0355951
-0.289341 -0.165117 -0.431295
0.536323 0.112847 0.0239122
-0.324226 -0.320414 0.265107
0.436582 0.37946 -0.0424081
-0.262425 -0.421536 0.0591954
0.412346 0.421673 0.0462608
-0.316684 -0.269581 -0.337604
0.540976 0.087813 -0.00875105
-0.303437 -0.211216 0.396268
0.382959 0.470014 -0.0404398
-0.260699 -0.388596 -0.204717
0.462917 0.327402 0.0437251
-0.329216 -0.362674 -0.168173
0.525036 0.161098 -0.0341649
-0.273252 -0.173256 0.438002
0.341653 0.532843 -0.0139871
-0.260863 -0.251041 -0.397972
0.504199 0.227746 0.042024
-0.331445 -0.387652 0.0321481
0.491213 0.26306 -0.0402413
-0.259071 -0.308148 0.344121
0.351689 0.517286 0.0313566
-0.283138 -0.16162 -0.436918
0.532732 0.129534 0.0290049
-0.326155 -0.339882 0.22787
0.446197 0.361158 -0.0433095
-0.262341 -0.414584 0.10859
0.402842 0.437551 0.0458409
-0.312701 -0.24711 -0.362065
0.541437 0.0851285 -0.00317587
-0.307958 -0.229806 0.379815
0.392325 0.455065 -0.0426562
-0.261706 -0.401458 -0.164941
0.455605 0.342521 0.0435149
-0.327864 -0.352705 -0.197112
0.528535 0.147719 -0.030836
-0.27736 -0.167063 0.438237
0.345533 0.527043 -0.0207023
-0.25997 -0.272849 -0.380035
0.498997 0.24206 0.0427565
-0.331333 -0.388659 0.00478069
0.496374 0.249804 -0.0397615
-0.259631 -0.286648 0.367045
0.3476 0.523633 0.0261895
-0.279375 -0.160411 -0.439845
0.530114 0.141078 0.0307749
-0.327227 -0.34887 0.207132
0.452161 0.349738 -0.0415642
-0.262048 -0.408068 0.139679
0.396407 0.448374 0.0437753
-0.309821 -0.236206 -0.373406
0.541483 0.0848673 0.000845612
-0.310864 -0.2447 0.36567
0.398712 0.444918 -0.0421739
-0.262188 -0.409243 -0.134475
0.450104 0.353204 0.0449175
-0.326853 -0.34257 -0.221379
0.531023 0.137456 -0.0287464
-0.280648 -0.166189 0.436527
0.34895 0.521967 -0.0240059
-0.259425 -0.291913 -0.361804
0.494655 0.253649 0.0428553
-0.331362 -0.388275 -0.0204272
0.500761 0.23797 -0.0397414
-0.260223 -0.267643 0.384539
0.344173 0.528935 0.0206023
-0.27599 -0.165266 -0.439895
0.527446 0.151773 0.03309
-0.328318 -0.356584 0.186623
0.457996 0.337852 -0.0423914
-0.261399 -0.400124 0.169893
0.389294 0.459434 0.0447929
-0.306547 -0.219363 -0.388419
0.541342 0.0855823 0.00561839
-0.314033 -0.260084 0.349294
0.405922 0.432864 -0.0438698
-0.262395 -0.416517 -0.097413
0.443153 0.366692 0.0449412
-0.325594 -0.331825 -0.243972
0.533982 0.124324 -0.0259071
-0.285105 -0.166075 0.43368
0.354051 0.514082 -0.0306781
-0.258873 -0.312523 -0.339062
0.488463 0.269126 0.0440303
-0.331489 -0.386219 -0.0504248
0.506873 0.220497 -0.0400807
-0.261542 -0.239674 0.40617
0.340047 0.535129 0.0128463
-0.271198 -0.172824 -0.439478
0.523015 0.168293 0.0361836
-0.329842 -0.368327 0.149084
0.466687 0.319698 -0.0419799
-0.260151 -0.380882 0.22453
0.378091 0.477267 0.0417059
-0.300874 -0.195366 -0.40784
0.540492 0.0906049 0.0123731
-0.318544 -0.281276 0.323385
0.417259 0.413813 -0.043279
-0.262417 -0.422989 -0.0419857
0.431579 0.38819 0.0452372
-0.322994 -0.308209 -0.284892
0.5378 0.10552 -0.0204728
-0.292538 -0.175252 0.424404
0.364133 0.498902 -0.0357614
-0.258908 -0.348453 -0.288689
0.478246 0.293322 0.0451271
-0.331189 -0.379176 -0.100971
0.515526 0.193991 -0.0382145
-0.265358 -0.203546 0.427234
0.337525 0.538899 -0.000174007
-0.265213 -0.199824 -0.429433
0.515279 0.194471 0.039575
-0.331211 -0.380013 0.0964562
0.478582 0.293332 -0.0414197
-0.258885 -0.350626 0.285133
0.363781 0.499121 0.0378688
-0.292296 -0.171187 -0.426512
0.537681 0.105866 0.0215496
-0.323096 -0.310719 0.281182
0.431947 0.387834 -0.0433602
-0.262419 -0.423271 0.0377228
0.41687 0.413653 0.0476254
-0.318406 -0.278375 -0.326715
0.540524 0.090451 -0.0113923
-0.301082 -0.199143 0.405495
0.378448 0.477026 -0.0396674
-0.26019 -0.379226 -0.228318
0.466411 0.320005 0.0436355
-0.329797 -0.367087 -0.153307
0.523167 0.167995 -0.0349467
-0.271356 -0.176595 0.437616
0.340142 0.535068 -0.0108074
-0.261477 -0.236439 -0.408549
0.506653 0.220787 0.0414373
-0.331486 -0.386611 0.046089
0.488689 0.26933 -0.040546
-0.258889 -0.315063 0.335949
0.353841 0.514101 0.0326714
-0.284951 -0.16234 -0.435427
0.533901 0.124548 0.0269147
-0.325639 -0.333789 0.240313
0.443393 0.366561 -0.043191
-0.262391 -0.41719 0.0932496
0.405674 0.432923 0.0457354
-0.313932 -0.25365 -0.355283
0.541358 0.085576 -0.00481848
-0.306663 -0.222591 0.386081
0.389552 0.459397 -0.0428913
-0.261425 -0.397131 -0.17941
0.457815 0.337916 0.0440379
-0.328281 -0.355121 -0.19043
0.527523 0.151685 -0.032018
-0.276093 -0.168804 0.438257
0.34427 0.528944 -0.0186796
-0.260199 -0.264759 -0.387072
0.50064 0.238037 0.0410964
-0.331358 -0.388553 0.0109018
0.494774 0.254024 -0.0395478
-0.259438 -0.294575 0.358991
0.348867 0.521922 0.0259105
-0.280556 -0.162703 -0.438115
0.530948 0.137221 0.030911
-0.326881 -0.346412 0.213147
0.450271 0.353221 -0.0432426
-0.26218 -0.41018 0.130407
0.398558 0.444871 0.0440125
-0.310785 -0.238098 -0.371105
0.541471 0.0848678 -0.000123883
-0.309896 -0.239155 0.371011
0.396558 0.448422 -0.0419328
-0.26206 -0.407065 -0.14372
0.452012 0.349278 0.0454991
-0.327202 -0.347274 -0.210757
0.530169 0.141033 -0.0297862
-0.279469 -0.16388 0.438299
0.347714 0.523694 -0.0242956
-0.259614 -0.283933 -0.369759
0.496242 0.249399 0.0430251
-0.331335 -0.388606 -0.00888217
0.499133 0.24245 -0.0395576
-0.259986 -0.275655 0.377435
0.345437 0.527009 0.0226047
-0.277266 -0.163575 -0.439828
0.528459 0.147451 0.0331266
-0.327893 -0.354204 0.193389
0.455749 0.342504 -0.0418666
-0.261687 -0.402617 0.160965
0.392116 0.455054 0.0445279
-0.307865 -0.226713 -0.382166
0.541419 0.0851229 0.00393454
-0.312793 -0.253606 0.356325
0.403062 0.437553 -0.0439908
-0.262345 -0.413802 -0.112717
0.445991 0.361217 0.0450259
-0.326122 -0.335729 -0.236012
0.53281 0.129659 -0.0268877
-0.283265 -0.16524 0.435256
0.351848 0.517596 -0.026907
-0.259058 -0.305567 -0.347127
0.491028 0.262777 0.0436533
-0.33145 -0.387379 -0.0363959
0.504368 0.227953 -0.0389127
-0.260896 -0.254104 0.395503
0.341554 0.532885 0.0159767
-0.273117 -0.169573 -0.439774
0.524903 0.161304 0.0353382
-0.329259 -0.364007 0.164112
0.463156 0.327189 -0.042074
-0.26066 -0.390062 0.200854
0.382649 0.47019 0.0424241
-0.303266 -0.20367 -0.401137
0.540953 0.0878907 0.00966263
-0.316812 -0.272505 0.334484
0.412684 0.421463 -0.044357
-0.262425 -0.421103 -0.0634264
0.436257 0.379301 0.0465942
-0.324149 -0.318116 -0.268827
0.536436 0.112513 -0.022854
-0.289563 -0.169102 0.429341
0.359833 0.50544 -0.0335176
-0.258749 -0.333711 -0.311302
0.48233 0.284025 0.0441434
-0.331408 -0.382115 -0.0834324
0.51232 0.204189 -0.038719
-0.263626 -0.214729 0.421653
0.337865 0.538333 0.00639747
-0.26725 -0.184991 -0.43604
0.518353 0.184377 0.0385849
-0.330837 -0.376628 0.114367
0.474293 0.30296 -0.0423103
-0.259222 -0.361552 0.26566
0.368688 0.491612 0.0399152
-0.295448 -0.178348 -0.420855
0.538917 0.0993451 0.0184607
-0.321674 -0.299611 0.298042
0.426819 0.396861 -0.0446542
-0.262409 -0.424368 0.010215
0.421972 0.405117 0.0462713
-0.320162 -0.28762 -0.314496
0.539822 0.0945061 -0.0145563
-0.298283 -0.189155 0.413202
0.373436 0.48462 -0.0395282
-0.259657 -0.369154 -0.250529
0.470359 0.311023 0.0453645
-0.330376 -0.371395 -0.136987
0.520852 0.1762 -0.0359935
-0.269248 -0.183242 0.435689
0.338787 0.537041 -0.00828952
-0.262409 -0.22279 -0.41729
0.509488 0.212594 0.0403733
-0.331485 -0.385074 0.0613856
0.485629 0.276738 -0.0411181
-0.25876 -0.328046 0.319207
0.356628 0.510065 0.033433
-0.287162 -0.164864 -0.432863
0.535185 0.11854 0.0252087
-0.324963 -0.326626 0.253937
0.43999 0.372969 -0.0434017
-0.26242 -0.419401 0.077832
0.409045 0.427407 0.0453359
-0.315349 -0.260968 -0.347275
0.541208 0.0864587 -0.00701959
-0.305067 -0.217902 0.39058
0.386228 0.46487 -0.0410498
-0.261065 -0.392522 -0.193525
0.460389 0.33253 0.0444071
-0.328764 -0.359506 -0.178026
0.5263 0.156304 -0.0334895
-0.274648 -0.169772 0.438729
0.342902 0.530958 -0.0169961
-0.260505 -0.25696 -0.393442
0.502461 0.232958 0.0411087
-0.331403 -0.388147 0.0229887
0.493005 0.25831 -0.0413724
-0.259238 -0.302206 0.350807
0.350292 0.519705 0.0279356
-0.281865 -0.161196 -0.437921
0.531888 0.133358 0.0296351
-0.326515 -0.341476 0.224135
0.448179 0.357404 -0.0427421
-0.262279 -0.412158 0.121073
0.400797 0.441209 0.0442184
-0.311791 -0.243782 -0.365644
0.541468 0.0849506 -0.00194911
-0.30889 -0.233353 0.37638
0.39434 0.451997 -0.0417543
-0.26189 -0.40476 -0.152888
0.453935 0.345817 0.0438512
-0.327549 -0.349658 -0.204818
0.529317 0.144509 -0.0307615
-0.278334 -0.166167 0.438017
0.346529 0.525547 -0.0220272
-0.259805 -0.279512 -0.373921
0.497773 0.245772 0.0414019
-0.331325 -0.388676 -0.00301648
0.497615 0.246567 -0.0392926
-0.259784 -0.283751 0.369817
0.346616 0.525148 0.024811
-0.278428 -0.16141 -0.440022
0.529381 0.14386 0.0320644
-0.327517 -0.351906 0.199599
0.453737 0.346632 -0.0412528
-0.261904 -0.406511 0.146185
0.394544 0.451201 0.0445488
-0.308971 -0.229296 -0.379365
0.541439 0.0849151 0.00266125
-0.311705 -0.247696 0.362428
0.4006 0.441586 -0.0438979
-0.26227 -0.410698 -0.127901
0.448355 0.356537 0.0453594
-0.326548 -0.341257 -0.224533
0.531812 0.13403 -0.028451
-0.281744 -0.165834 0.435978
0.350138 0.520182 -0.0251798
-0.259259 -0.298199 -0.355225
0.49317 0.257836 0.0416099
-0.331398 -0.387864 -0.0289038
0.502268 0.233871 -0.039103
-0.260476 -0.26134 0.389812
0.343013 0.530592 0.0197114
-0.274778 -0.165155 -0.4407
0.526389 0.155498 0.0348294
-0.32872 -0.359659 0.177687
0.460142 0.333508 -0.0418852
-0.261101 -0.394734 0.187104
0.386541 0.463934 0.0437727
-0.305218 -0.213955 -0.393108
0.5412 0.0862856 0.00762839
-0.315222 -0.264499 0.344003
0.408709 0.428408 -0.0426298
-0.262417 -0.418446 -0.0848145
0.440296 0.371881 0.0459963
-0.325028 -0.326536 -0.254006
0.535043 0.119334 -0.0242936
-0.286949 -0.169067 0.431103
0.356342 0.510779 -0.0307932
-0.258766 -0.321185 -0.328312
0.485924 0.275591 0.0433054
-0.331487 -0.384405 -0.0669304
0.509208 0.213778 -0.0385955
-0.262316 -0.231295 0.411633
0.338879 0.5368 0.0108524
-0.269434 -0.17891 -0.437697
0.521079 0.175075 0.0374017
-0.330329 -0.371442 0.136924
0.470034 0.31228 -0.0430014
-0.259701 -0.37439 0.239586
0.373865 0.483542 0.0421149
-0.298534 -0.189548 -0.412806
0.5399 0.0939637 0.0150897
-0.320015 -0.290622 0.311068
0.421515 0.406374 -0.0436806
-0.26241 -0.424206 -0.0172919
0.427244 0.395571 0.0472247
-0.321804 -0.299725 -0.297751
0.538829 0.100036 -0.0178808
-0.29518 -0.182098 0.419144
0.368244 0.492646 -0.0373542
-0.259187 -0.358531 -0.271205
0.474657 0.301659 0.0446102
-0.330877 -0.375431 -0.119555
0.518093 0.185603 -0.0371102
-0.267071 -0.193613 0.431678
0.337821 0.538465 -0.0038786
-0.263756 -0.210412 -0.424203
0.512592 0.202929 0.0403825
-0.331393 -0.382945 0.0780448
0.482008 0.285269 -0.0419318
-0.258754 -0.340198 0.301763
0.360176 0.504599 0.036111
-0.289797 -0.165089 -0.430999
0.536545 0.111698 0.023636
-0.324063 -0.318128 0.268913
0.435902 0.380488 -0.0440147
-0.262425 -0.421806 0.0563965
0.413029 0.420347 0.0470192
-0.316954 -0.269162 -0.337773
0.540915 0.0881625 -0.00909911
-0.303089 -0.207546 0.398875
0.382253 0.471186 -0.0397473
-0.260621 -0.387705 -0.207145
0.463441 0.326115 0.0445498
-0.329306 -0.362225 -0.169306
0.524753 0.162207 -0.0339852
-0.27296 -0.174085 0.437798
0.341402 0.533217 -0.0133096
-0.260941 -0.245726 -0.402038
0.504594 0.226954 0.0408558
-0.331454 -0.387406 0.0359567
0.49086 0.263752 -0.0414927
-0.259039 -0.309462 0.342597
0.352036 0.517057 0.0296305
-0.283407 -0.160714 -0.43713
0.532932 0.128951 0.0279988
-0.326082 -0.338255 0.231196
0.445762 0.362137 -0.0424113
-0.26235 -0.415084 0.105825
0.403287 0.437131 0.0442961
-0.312895 -0.249804 -0.359585
0.541424 0.0851879 -0.00324852
-0.307757 -0.230742 0.379275
0.391892 0.455886 -0.0417486
-0.261665 -0.400697 -0.167579
0.455938 0.341649 0.0444452
-0.327925 -0.352034 -0.198621
0.528403 0.148135 -0.0318059
-0.27716 -0.168304 0.437807
0.345325 0.527388 -0.0198337
-0.260003 -0.271344 -0.38138
0.499279 0.241633 0.0416392
-0.331337 -0.388615 0.00825962
0.496146 0.250218 -0.0408992
-0.2596 -0.288126 0.365575
0.347816 0.523523 0.0245858
-0.279566 -0.163517 -0.438395
0.530245 0.140397 0.0310611
-0.327173 -0.347509 0.21028
0.451879 0.350102 -0.0428902
-0.262071 -0.408709 0.136968
0.396751 0.447639 0.0447327
-0.309976 -0.235128 -0.374114
0.541478 0.0848597 0.00084877
-0.310709 -0.242094 0.367955
0.398376 0.445225 -0.043685
-0.262169 -0.408611 -0.137192
0.450401 0.352383 0.0458571
-0.326913 -0.344024 -0.218245
0.530902 0.137871 -0.0296724
-0.280444 -0.167409 0.436111
0.348756 0.522105 -0.0256292
-0.259457 -0.290462 -0.363286
0.494948 0.253197 0.0416896
-0.331358 -0.388401 -0.0168875
0.500462 0.238883 -0.0390435
-0.26018 -0.269112 0.383264
0.344381 0.52857 0.0214306
-0.276207 -0.164114 -0.440259
0.52762 0.150961 0.033351
-0.328243 -0.357185 0.185186
0.457589 0.338813 -0.0414806
-0.261454 -0.399185 0.172877
0.389805 0.458952 0.0431663
-0.306782 -0.222443 -0.386091
0.541351 0.085472 0.00547311
-0.313824 -0.257348 0.352027
0.405411 0.433844 -0.0429932
-0.262388 -0.416055 -0.100187
0.443639 0.365567 0.045798
-0.325687 -0.33121 -0.244956
0.533771 0.125298 -0.025884
-0.284778 -0.166733 0.433599
0.353655 0.514725 -0.0299831
-0.2589 -0.31126 -0.340562
0.488945 0.268289 0.0427186
-0.331482 -0.386092 -0.0517893
0.506436 0.221879 -0.0395641
-0.261419 -0.240839 0.405393
0.340288 0.534769 0.0134274
-0.271527 -0.172167 -0.439578
0.523347 0.166991 0.0363163
-0.329747 -0.367168 0.15315
0.466095 0.320731 -0.0433844
-0.260235 -0.384007 0.216942
0.378871 0.475979 0.0423009
-0.3013 -0.199402 -0.405181
0.540583 0.0900663 0.0119284
-0.318258 -0.278291 0.326952
0.416496 0.414855 -0.045
-0.262419 -0.422787 -0.0447792
0.432378 0.386592 0.0459314
-0.323203 -0.310774 -0.28098
0.537584 0.106653 -0.0208731
-0.292033 -0.175046 0.424851
0.36338 0.500061 -0.0353021
-0.258866 -0.344481 -0.295071
0.478963 0.292048 0.0436667
-0.331233 -0.379001 -0.101723
0.514999 0.195743 -0.0380044
-0.265052 -0.204105 0.427105
0.337506 0.538878 0.00267796
-0.265521 -0.194969 -0.431904
0.515787 0.192719 0.0397662
-0.331163 -0.379197 0.100947
0.477918 0.294627 -0.0428759
-0.258929 -0.351653 0.283382
0.364541 0.497943 0.038325
-0.2928 -0.171414 -0.426058
0.537892 0.104743 0.0211305
-0.322879 -0.310972 0.281059
0.431155 0.388995 -0.0450434
-0.262415 -0.423759 0.0288963
0.417699 0.412616 0.0458991
-0.31869 -0.278119 -0.326714
0.540426 0.0910138 -0.01184
-0.300653 -0.19915 0.405808
0.377646 0.478316 -0.0390806
-0.260104 -0.378275 -0.230582
0.467022 0.318524 0.044399
-0.329891 -0.366735 -0.15425
0.522811 0.169314 -0.0348078
-0.271025 -0.177235 0.437516
0.339903 0.535419 -0.0102358
-0.261607 -0.235283 -0.409291
0.50707 0.219382 0.0419371
-0.331491 -0.386249 0.0501008
0.488253 0.270197 -0.0418588
-0.258863 -0.316306 0.334429
0.354236 0.513439 0.0333588
-0.285281 -0.161707 -0.435484
0.534098 0.123564 0.026919
-0.325543 -0.331969 0.243781
0.442865 0.36769 -0.0423349
-0.262397 -0.417619 0.090467
0.406165 0.43192 0.0466061
-0.314153 -0.256426 -0.35258
0.541335 0.0856942 -0.00497052
-0.306424 -0.223365 0.385722
0.389048 0.460324 -0.0420397
-0.261372 -0.396313 -0.181994
0.458192 0.336934 0.0449424
-0.328356 -0.356402 -0.187026
0.527322 0.152503 -0.0317538
-0.275869 -0.16994 0.437883
0.344046 0.529302 -0.0178563
-0.260242 -0.263282 -0.388315
0.500909 0.237107 0.0417858
-0.331366 -0.388466 0.0144518
0.494528 0.254496 -0.040714
-0.259405 -0.296007 0.357485
0.349081 0.521527 0.0267797
-0.280756 -0.161488 -0.438508
0.53112 0.136811 0.0299803
-0.326826 -0.344991 0.216313
0.449935 0.354035 -0.0423014
-0.262198 -0.41078 0.127677
0.398905 0.444127 0.04497
-0.31095 -0.24073 -0.36886
0.541456 0.0848769 -0.000121732
-0.309731 -0.240223 0.370288
0.396223 0.448725 -0.0434494
-0.262035 -0.406392 -0.146417
0.452345 0.348929 0.0441729
-0.327255 -0.346538 -0.212297
0.530012 0.14171 -0.0294929
-0.279283 -0.165166 0.437855
0.347516 0.52405 -0.0234043
-0.259644 -0.282438 -0.371203
0.496519 0.249 0.0418869
-0.33133 -0.388573 -0.0108034
0.498903 0.242885 -0.0406725
-0.259952 -0.277148 0.37606
0.345625 0.526655 0.0234762
-0.277459 -0.162323 -0.440244
0.52864 0.147052 0.0321574
-0.327831 -0.352918 0.196652
0.45543 0.342937 -0.0431856
-0.261727 -0.403348 0.15831
0.392514 0.45423 0.0454384
-0.308053 -0.225761 -0.382702
0.541415 0.0850679 0.00386708
-0.312611 -0.250947 0.358838
0.40263 0.438409 -0.0430711
-0.262335 -0.413269 -0.115471
0.446384 0.360238 0.0459238
-0.326199 -0.337384 -0.232731
0.532664 0.130242 -0.0278837
-0.282995 -0.166163 0.435019
0.351568 0.517835 -0.0286269
-0.25909 -0.304232 -0.34863
0.491427 0.262113 0.0424029
-0.33144 -0.387274 -0.0379799
0.504031 0.228741 -0.040073
-0.260816 -0.255417 0.394495
0.341798 0.532503 0.0166629
-0.273405 -0.168726 -0.439975
0.525161 0.16021 0.0355142
-0.329168 -0.362794 0.167912
0.462647 0.328027 -0.0434448
-0.260738 -0.390926 0.198401
0.383326 0.469023 0.0431245
-0.303619 -0.207338 -0.398601
0.541005 0.0875598 0.00932158
-0.316544 -0.269578 0.337738
0.411986 0.422765 -0.0435909
-0.262426 -0.4208 -0.06622
0.436983 0.378306 0.0449918
-0.324305 -0.317717 -0.269255
0.536207 0.113661 -0.0231079
-0.289109 -0.16916 0.429619
0.359206 0.506406 -0.0329947
-0.258743 -0.332597 -0.312893
0.482931 0.282418 0.044748
-0.33143 -0.382773 -0.0790639
0.511791 0.205889 -0.038401
-0.263379 -0.21969 0.418684
0.337998 0.538151 0.00680076
-0.267605 -0.184522 -0.43606
0.518818 0.182713 0.0387102
-0.330764 -0.375672 0.118823
0.473571 0.304671 -0.0416517
-0.25929 -0.365162 0.258771
0.369523 0.490302 0.0403696
-0.295959 -0.178657 -0.420339
0.539094 0.0983687 0.0179593
-0.321415 -0.299782 0.298095
0.425949 0.398518 -0.0439926
-0.262409 -0.424409 0.00742228
0.422817 0.403487 0.0469328
-0.320443 -0.290577 -0.310684
0.539679 0.0953172 -0.0150583
-0.297792 -0.188925 0.41368
0.372588 0.48596 -0.0390332
-0.259575 -0.368165 -0.252598
0.471069 0.309823 0.043919
-0.330462 -0.371126 -0.137768
0.520421 0.177732 -0.0358711
-0.268895 -0.183744 0.435657
0.338595 0.537319 -0.00782368
-0.262601 -0.221849 -0.417784
0.509972 0.210999 0.0407692
-0.331479 -0.384574 0.0656178
0.485095 0.277791 -0.0424955
-0.258751 -0.329194 0.317641
0.357148 0.50924 0.0340246
-0.287562 -0.164558 -0.432733
0.535403 0.117445 0.0250684
-0.324829 -0.327118 0.253261
0.439355 0.374277 -0.0426008
-0.262422 -0.419758 0.0750398
0.409643 0.42624 0.046149
-0.315601 -0.263846 -0.344291
0.541171 0.0866775 -0.00727414
-0.304778 -0.214526 0.393074
0.385614 0.465923 -0.0402762
-0.260999 -0.391658 -0.196035
0.460833 0.331395 0.0452728
-0.328846 -0.358981 -0.179307
0.526066 0.157262 -0.0332699
-0.27439 -0.170756 0.438443
0.342662 0.531332 -0.0162424
-0.260565 -0.255551 -0.394553
0.502773 0.231897 0.0417519
-0.331412 -0.387973 0.0266583
0.492673 0.25929 -0.0406624
-0.259204 -0.303577 0.349285
0.350545 0.519249 0.0287609
-0.282096 -0.160118 -0.43823
0.532032 0.132573 0.0298261
-0.326448 -0.342185 0.222774
0.447793 0.358286 -0.0418186
-0.262292 -0.412716 0.118327
0.401173 0.440414 0.04516
-0.311965 -0.246424 -0.363286
0.54146 0.0849811 -0.00197592
-0.308714 -0.234375 0.375738
0.393978 0.452336 -0.0432935
-0.261858 -0.404049 -0.15556
0.454238 0.344999 0.0447932
-0.327609 -0.350985 -0.201635
0.529159 0.145196 -0.0304613
-0.278146 -0.167452 0.437564
0.346328 0.52589 -0.0211389
-0.259836 -0.278007 -0.37533
0.498003 0.244957 0.0421321
-0.331327 -0.388684 0.000440941
0.497402 0.246973 -0.0404148
-0.259752 -0.285237 0.368368
0.346792 0.524792 0.0257024
-0.278608 -0.160114 -0.440454
0.529538 0.143492 0.0311296
-0.327462 -0.350595 0.202785
0.453457 0.347011 -0.0425715
-0.261937 -0.405715 0.149207
0.394896 0.45044 0.0454924
-0.309145 -0.232032 -0.377175
0.541472 0.0849136 0.00186691
-0.31154 -0.245078 0.364782
0.40022 0.442359 -0.0429505
-0.262257 -0.411372 -0.124835
0.448726 0.356113 0.0439923
-0.326608 -0.340529 -0.225921
0.531643 0.134791 -0.0282346
-0.281517 -0.166949 0.435626
0.349917 0.520354 -0.0268376
-0.259292 -0.296796 -0.356722
0.493472 0.256883 0.0423229
-0.331392 -0.388052 -0.0252714
0.501984 0.234492 -0.0402347
-0.260421 -0.262759 0.388644
0.343235 0.530212 0.0204848
-0.275023 -0.164126 -0.440993
0.52663 0.154919 0.0337436
-0.328636 -0.360194 0.176359
0.459718 0.334167 -0.043229
-0.261164 -0.395562 0.184559
0.3871 0.462904 0.0445667
-0.30549 -0.213347 -0.393294
0.541255 0.0861695 0.00661184
-0.314983 -0.261668 0.346945
0.408157 0.429089 -0.0442493
-0.262414 -0.418043 -0.0875979
0.440902 0.371063 0.0444738
-0.325146 -0.326008 -0.254751
0.534856 0.120155 -0.0254443
-0.286575 -0.165137 0.433131
0.355846 0.511552 -0.0301778
-0.258783 -0.319992 -0.329835
0.48644 0.274161 0.0439325
-0.331492 -0.38491 -0.0627606
0.508758 0.214932 -0.039848
-0.262147 -0.232284 0.411055
0.339091 0.536493 0.0113433
-0.269785 -0.178381 -0.437735
0.521473 0.173592 0.0375127
-0.330234 -0.371722 0.136104
0.469355 0.313885 -0.0422844
-0.259789 -0.375339 0.237442
0.374696 0.4822 0.0426291
-0.299009 -0.189732 -0.41236
0.54003 0.0932193 0.0145891
-0.319734 -0.287674 0.314869
0.420651 0.407971 -0.0430091
-0.262411 -0.424119 -0.0200843
0.428123 0.394376 0.0454979
-0.322046 -0.299541 -0.297726
0.53864 0.101063 -0.0183609
-0.294661 -0.181797 0.419662
0.367416 0.493927 -0.0369052
-0.259123 -0.357519 -0.273075
0.475346 0.299928 0.0452471
-0.330947 -0.376399 -0.115093
0.517596 0.187298 -0.03696
-0.266728 -0.194088 0.431637
0.337723 0.538605 -0.00349006
-0.264018 -0.209706 -0.424464
0.513103 0.201202 0.0406589
-0.331367 -0.382292 0.0824637
0.481352 0.286903 -0.0413191
-0.258771 -0.341271 0.300122
0.360832 0.503579 0.0366144
-0.290261 -0.165111 -0.430675
0.536766 0.110547 0.0233341
-0.323888 -0.318489 0.268555
0.435157 0.381975 -0.0432759
-0.262425 -0.422063 0.0535989
0.413767 0.419454 0.0453316
-0.317233 -0.272133 -0.334472
0.540848 0.0885426 -0.00946438
-0.302721 -0.207803 0.39899
0.38158 0.471974 -0.041564
-0.260538 -0.384688 -0.214899
0.463969 0.324794 0.0453634
-0.329401 -0.363464 -0.165462
0.524454 0.163347 -0.0338111
-0.272661 -0.174882 0.437611
0.34115 0.53359 -0.0126484
-0.261032 -0.244429 -0.402962
0.504966 0.22572 0.0414327
-0.331458 -0.387502 0.034421
0.490459 0.26488 -0.0408095
-0.259008 -0.310764 0.341074
0.352357 0.516508 0.030389
-0.283685 -0.159847 -0.437317
0.533108 0.128066 0.028103
-0.326005 -0.33659 0.234534
0.445346 0.362708 -0.0438304
-0.262359 -0.415572 0.103057
0.403722 0.436243 0.0452059
-0.313082 -0.248912 -0.36019
0.541406 0.0852548 -0.00333194
-0.307562 -0.227851 0.381579
0.39144 0.456719 -0.0408484
-0.261622 -0.399925 -0.170208
0.456264 0.340759 0.045371
-0.327993 -0.353341 -0.195347
0.528234 0.148876 -0.0315194
-0.276957 -0.16953 0.43738
0.345112 0.527733 -0.018971
-0.260038 -0.26984 -0.382709
0.499516 0.240774 0.0423522
-0.331339 -0.388638 0.00635047
0.495883 0.251042 -0.0401629
-0.259568 -0.289597 0.364096
0.348011 0.523158 0.0254743
-0.279753 -0.16224 -0.438827
0.530369 0.139712 0.0313419
-0.327115 -0.348236 0.20874
0.451555 0.35089 -0.0419421
-0.262094 -0.409338 0.134252
0.397083 0.446903 0.0456907
-0.310138 -0.237779 -0.371905
0.541468 0.0848548 0.000853795
-0.310547 -0.243161 0.367213
0.398018 0.445958 -0.0427258
-0.262149 -0.407967 -0.139902
0.450749 0.352022 0.0445168
-0.326971 -0.345451 -0.215106
0.530752 0.138572 -0.0294054
-0.280256 -0.164275 0.437624
0.348544 0.522487 -0.0247527
-0.259488 -0.289003 -0.364762
0.495204 0.252335 0.042418
-0.331349 -0.388342 -0.0187537
0.500222 0.239384 -0.0401605
-0.260139 -0.270587 0.381971
0.344581 0.528206 0.0222675
-0.276419 -0.162943 -0.440631
0.527782 0.150165 0.0336157
-0.328173 -0.355927 0.188567
0.457239 0.339332 -0.0428068
-0.261503 -0.399964 0.170265
0.390276 0.458051 0.0440334
-0.307004 -0.221619 -0.386491
0.541354 0.0853733 0.00534238
-0.313609 -0.258146 0.351479
0.404905 0.434798 -0.0421082
-0.262381 -0.41558 -0.102957
0.444143 0.364922 0.0443443
-0.325781 -0.333011 -0.241557
0.533604 0.125987 -0.0269408
-0.284459 -0.167439 0.433488
0.353274 0.515343 -0.0292737
-0.258929 -0.309984 -0.342062
0.48937 0.267051 0.0433781
-0.331478 -0.386463 -0.0478371
0.506002 0.223225 -0.0390299
-0.261299 -0.246066 0.401546
0.340532 0.534402 0.0140264
-0.27185 -0.171481 -0.439693
0.523664 0.165725 0.0364535
-0.329647 -0.367534 0.152154
0.465492 0.322159 -0.0426026
-0.260321 -0.384911 0.21461
0.379634 0.474707 0.042913
-0.301707 -0.199323 -0.404923
0.540667 0.0895659 0.0114989
-0.31797 -0.278583 0.326912
0.415717 0.416311 -0.0442861
-0.262421 -0.422572 -0.0475728
0.433155 0.385012 0.0466328
-0.3234 -0.310489 -0.281163
0.537364 0.107796 -0.0212514
-0.291533 -0.174875 0.425274
0.362645 0.50119 -0.0348356
-0.258835 -0.343419 -0.29676
0.479631 0.290344 0.044275
-0.331277 -0.379822 -0.0972607
0.514467 0.197493 -0.0377763
-0.264754 -0.204693 0.426952
0.337542 0.538837 0.00304667
-0.265847 -0.194443 -0.431989
0.516288 0.190973 0.0399413
-0.331109 -0.378344 0.105438
0.477215 0.29635 -0.0422536
-0.258977 -0.352679 0.28161
0.365317 0.496738 0.0387767
-0.293307 -0.171668 -0.425587
0.538099 0.103638 0.0206931
-0.322662 -0.308377 0.285028
0.430328 0.390614 -0.044359
-0.262414 -0.423888 0.0260996
0.418499 0.411088 0.0465899
-0.318981 -0.281133 -0.323113
0.540322 0.0916159 -0.0122998
-0.300209 -0.199114 0.406154
0.376876 0.47922 -0.0410061
-0.260018 -0.377322 -0.23282
0.467636 0.317012 0.0451497
-0.329989 -0.367918 -0.15014
0.522479 0.170313 -0.0360861
-0.270689 -0.177849 0.437431
0.339669 0.535762 -0.00968201
-0.261745 -0.234161 -0.409998
0.507544 0.21836 0.0407124
-0.331491 -0.386368 0.048794
0.487768 0.271507 -0.0412077
-0.258835 -0.320845 0.328698
0.354683 0.51308 0.0315327
-0.285621 -0.161123 -0.435511
0.534295 0.122561 0.0268998
-0.325437 -0.332553 0.242855
0.442364 0.368416 -0.0438135
-0.262403 -0.418036 0.0876826
0.406712 0.431353 0.045015
-0.314371 -0.255691 -0.353052
0.541307 0.0858257 -0.00513734
-0.306182 -0.220237 0.388106
0.388523 0.461267 -0.0411992
-0.261319 -0.397304 -0.17903
0.458611 0.336374 0.0436085
-0.328429 -0.355807 -0.188425
0.527159 0.153019 -0.032791
-0.27564 -0.171054 0.437518
0.343816 0.52966 -0.0170429
-0.260287 -0.261812 -0.389537
0.501173 0.236157 0.0424669
-0.331374 -0.388355 0.0180176
0.494229 0.255383 -0.0399869
-0.259372 -0.29743 0.355975
0.349295 0.521122 0.0276433
-0.280959 -0.160289 -0.438887
0.531257 0.136088 0.0302252
-0.326764 -0.345715 0.214843
0.449619 0.354428 -0.0436502
-0.262215 -0.411368 0.124943
0.399244 0.443374 0.0459256
-0.311105 -0.239669 -0.369581
0.54148 0.0848837 -0.000899128
-0.309576 -0.237573 0.372534
0.395862 0.449458 -0.0424946
-0.262009 -0.405708 -0.149106
0.452635 0.348133 0.045119
-0.327313 -0.347912 -0.209162
0.529901 0.142086 -0.0304153
-0.279096 -0.166454 0.437404
0.347314 0.524401 -0.0225121
-0.259673 -0.280938 -0.372638
0.496747 0.248183 0.0426202
-0.33133 -0.388632 -0.00733469
0.498645 0.243714 -0.0399472
-0.259918 -0.278641 0.374671
0.345806 0.5263 0.0243525
-0.277648 -0.16106 -0.440661
0.528782 0.146336 0.0324476
-0.327766 -0.353588 0.195119
0.455088 0.343783 -0.0422496
-0.261765 -0.404068 0.155649
0.392948 0.453867 0.0438767
-0.308245 -0.228605 -0.380473
0.541448 0.0850535 0.00303161
-0.312424 -0.251883 0.358175
0.402199 0.439245 -0.0421456
-0.262323 -0.412724 -0.11822
0.446813 0.359734 0.0445233
-0.326267 -0.336685 -0.233979
0.532485 0.131081 -0.0277349
-0.282733 -0.167122 0.434758
0.351272 0.518338 -0.0278384
-0.259123 -0.302885 -0.350131
0.491773 0.261045 0.0430936
-0.331433 -0.387532 -0.0342197
0.503662 0.229895 -0.0394609
-0.260741 -0.25675 0.393456
0.342039 0.532121 0.0173647
-0.273686 -0.167848 -0.440193
0.525404 0.159147 0.0356967
-0.329075 -0.363256 0.166726
0.46213 0.329261 -0.0426047
-0.260813 -0.391785 0.195932
0.38398 0.467878 0.0438412
-0.303948 -0.206959 -0.398585
0.541051 0.0872572 0.00899918
-0.316274 -0.270043 0.337516
0.411299 0.424032 -0.0428137
-0.262425 -0.420484 -0.0690127
0.437661 0.376884 0.0457532
-0.324461 -0.319968 -0.265529
0.535978 0.1148 -0.0233348
-0.288666 -0.169271 0.429865
0.358602 0.507339 -0.0324578
-0.258741 -0.331477 -0.314475
0.483568 0.281279 0.0433316
-0.331444 -0.382618 -0.0800179
0.511301 0.207179 -0.0397054
-0.263152 -0.220486 0.418318
0.338145 0.537945 0.00721573
-0.267961 -0.184052 -0.436078
0.519269 0.181074 0.0388277
-0.330686 -0.374683 0.123254
0.472894 0.305948 -0.0431066
-0.259366 -0.366141 0.256801
0.370364 0.48898 0.0408301
-0.296476 -0.183147 -0.417688
0.539265 0.0974267 0.0174524
-0.321155 -0.296948 0.302035
0.42507 0.400169 -0.0433313
-0.262407 -0.424453 -0.00141522
0.423661 0.401844 0.0475908
-0.320713 -0.290413 -0.310598
0.539528 0.0961675 -0.0155615
-0.297293 -0.188673 0.414173
0.371737 0.487296 -0.0385494
-0.259494 -0.367179 -0.254638
0.471749 0.308158 0.0446047
-0.33055 -0.372224 -0.133431
0.520017 0.17893 -0.0372158
-0.26854 -0.184233 0.435632
0.338415 0.537579 -0.00737303
-0.262803 -0.220948 -0.418241
0.510458 0.209377 0.0411437
-0.33147 -0.384037 0.0698813
0.484521 0.279292 -0.041874
-0.258744 -0.330332 0.316072
0.357689 0.508384 0.0346008
-0.287974 -0.164306 -0.43257
0.535621 0.116338 0.0249017
-0.324696 -0.325038 0.25696
0.438743 0.375181 -0.0441534
-0.262424 -0.420102 0.0722474
0.410251 0.425042 0.0469511
-0.315851 -0.263297 -0.344589
0.541129 0.0869181 -0.00754615
-0.30447 -0.215026 0.392978
0.38503 0.466589 -0.0420063
-0.26093 -0.390787 -0.19853
0.461332 0.330679 0.0439167
-0.328934 -0.360243 -0.17567
0.525819 0.158246 -0.033056
-0.274125 -0.171711 0.43817
0.342419 0.531705 -0.0155024
-0.26063 -0.254158 -0.395638
0.503084 0.230809 0.0423835
-0.331418 -0.388049 0.0249671
0.492321 0.260287 -0.0399545
-0.259176 -0.30144 0.351712
0.350803 0.518779 0.0295768
-0.282331 -0.159068 -0.438519
0.532221 0.132067 0.0288576
-0.326383 -0.340644 0.226017
0.447444 0.35876 -0.0431995
-0.262305 -0.413262 0.115578
0.401547 0.439604 0.046097
-0.312136 -0.245436 -0.363969
0.541447 0.0850163 -0.0020098
-0.308541 -0.231615 0.377986
0.393587 0.453109 -0.0423607
-0.261823 -0.403327 -0.158225
0.454571 0.344615 0.0434742
-0.327667 -0.350284 -0.203177
0.529034 0.14558 -0.0314051
-0.277955 -0.168731 0.437109
0.346122 0.52623 -0.0202533
-0.259867 -0.2765 -0.376727
0.498259 0.244555 0.0410123
-0.331325 -0.388682 -0.00149724
0.497143 0.247777 -0.0396778
-0.259727 -0.283031 0.370568
0.347013 0.524687 0.0241008
-0.2788 -0.163214 -0.439014
0.529674 0.142812 0.0314254
-0.327401 -0.3513 0.201223
0.453128 0.347804 -0.0416242
-0.261965 -0.406398 0.146519
0.395284 0.450135 0.0439641
-0.309305 -0.230975 -0.377837
0.541468 0.0848931 0.00185543
-0.311373 -0.246108 0.364058
0.399835 0.44312 -0.0419999
-0.262242 -0.410784 -0.127568
0.449061 0.355257 0.0449222
-0.326672 -0.342039 -0.222751
0.531511 0.135253 -0.0291768
-0.281307 -0.163724 0.43719
0.349676 0.520777 -0.0259917
-0.259324 -0.295382 -0.358216
0.493755 0.255945 0.0430373
-0.331385 -0.388214 -0.0216585
0.501667 0.235487 -0.0395659
-0.260369 -0.264189 0.387452
0.34345 0.529834 0.0212702
-0.275261 -0.163069 -0.441299
0.52683 0.154023 0.0339778
-0.328558 -0.358959 0.179895
0.459278 0.335226 -0.042343
-0.261225 -0.396381 0.182001
0.387673 0.462336 0.0428881
-0.305764 -0.21662 -0.390905
0.541281 0.0859993 0.00640139
-0.314745 -0.262323 0.346534
0.407584 0.430177 -0.0434101
-0.26241 -0.417627 -0.0903784
0.441467 0.369825 0.0452958
-0.325264 -0.327989 -0.251204
0.534641 0.121207 -0.0255189
-0.286203 -0.165582 0.433178
0.355406 0.511988 -0.0320452
-0.258803 -0.318788 -0.331355
0.486974 0.273197 0.0425774
-0.331494 -0.38538 -0.0586242
0.508281 0.216448 -0.0394003
-0.261987 -0.233311 0.410441
0.339311 0.536173 0.0118513
-0.270125 -0.173444 -0.439849
0.521852 0.172145 0.0376239
-0.330142 -0.37063 0.140347
0.468677 0.31546 -0.0415547
-0.259876 -0.376288 0.235271
0.375518 0.480863 0.0431575
-0.299472 -0.189881 -0.411939
0.540152 0.0925164 0.0140963
-0.319444 -0.287867 0.314931
0.419848 0.409111 -0.0447496
-0.262411 -0.423761 -0.0289126
0.428965 0.392726 0.0461656
-0.322288 -0.302303 -0.29381
0.538445 0.102117 -0.0188285
-0.29415 -0.177294 0.422288
0.366599 0.495188 -0.0364575
-0.259062 -0.353734 -0.279732
0.47608 0.29864 0.0437808
-0.331009 -0.376199 -0.115804
0.51713 0.188633 -0.0383297
-0.26639 -0.194573 0.431586
0.337618 0.538737 -0.000623968
-0.264285 -0.204777 -0.427192
0.513611 0.199463 0.0409148
-0.331337 -0.381599 0.0869011
0.480725 0.288136 -0.0427564
-0.258792 -0.342339 0.298468
0.361508 0.502527 0.0371062
-0.290746 -0.169473 -0.42837
0.536985 0.109396 0.0230073
-0.323711 -0.316124 0.272426
0.434426 0.383047 -0.0449095
-0.262424 -0.422306 0.0508027
0.414493 0.418072 0.0460699
-0.317508 -0.271771 -0.334582
0.540776 0.088955 -0.00984641
-0.302348 -0.204009 0.401628
0.38085 0.473191 -0.040906
-0.260457 -0.383765 -0.21727
0.464555 0.32389 0.0439764
-0.329496 -0.364683 -0.161568
0.524185 0.164176 -0.0350158
-0.272355 -0.175648 0.437441
0.3409 0.53396 -0.012004
-0.26113 -0.243158 -0.403856
0.50534 0.224452 0.0419942
-0.331467 -0.387235 0.0382937
0.490035 0.266033 -0.0401293
-0.258977 -0.312054 0.33955
0.352689 0.515939 0.0311347
-0.28397 -0.159021 -0.437479
0.533283 0.127162 0.0281879
-0.325919 -0.337241 0.233394
0.444891 0.363732 -0.0429454
-0.262368 -0.416047 0.100286
0.40416 0.435334 0.0461085
-0.313285 -0.251631 -0.357648
0.541383 0.08533 -0.00342679
-0.307351 -0.228741 0.381091
0.391027 0.457151 -0.0424382
-0.261577 -0.399142 -0.172827
0.456644 0.340302 0.0440475
-0.328057 -0.352686 -0.196829
0.528055 0.149627 -0.0312349
-0.276762 -0.166361 0.438927
0.344936 0.527884 -0.020607
-0.260074 -0.268339 -0.384021
0.499796 0.240323 0.0412346
-0.331345 -0.388583 0.00984766
0.495604 0.25187 -0.039426
-0.259537 -0.291059 0.36261
0.348204 0.522787 0.0263603
-0.27994 -0.16097 -0.439249
0.530531 0.139334 0.0304187
-0.327062 -0.34686 0.21189
0.451264 0.351254 -0.0432735
-0.262117 -0.40861 0.1373
0.397455 0.446617 0.0441777
-0.310292 -0.236699 -0.372625
0.541486 0.0848573 8.33246e-05
-0.310394 -0.240548 0.369476
0.397652 0.446684 -0.0417659
-0.262131 -0.408708 -0.136861
0.451043 0.351215 0.0454596
-0.327025 -0.344711 -0.216613
0.530596 0.139264 -0.0291305
-0.280061 -0.165524 0.437199
0.348331 0.52286 -0.0238723
-0.259518 -0.287535 -0.366231
0.495442 0.251481 0.0431464
-0.331347 -0.388456 -0.0152405
0.49994 0.240267 -0.0394535
-0.2601 -0.272067 0.380659
0.344775 0.527843 0.0231124
-0.276625 -0.161751 -0.44101
0.527975 0.149718 0.032612
-0.3281 -0.356547 0.187095
0.456856 0.340254 -0.0418881
-0.261551 -0.400731 0.167644
0.390726 0.457165 0.0449098
-0.307224 -0.224621 -0.384192
0.541397 0.0853335 0.00444505
-0.31341 -0.25544 0.354135
0.404465 0.435302 -0.0436738
-0.262374 -0.415093 -0.105722
0.444603 0.363852 0.0452165
-0.325864 -0.332366 -0.242621
0.533409 0.126921 -0.0268808
-0.284164 -0.163848 0.435284
0.352907 0.515938 -0.0285501
-0.258959 -0.308697 -0.343561
0.48981 0.266271 0.0420881
-0.331473 -0.386802 -0.0439168
0.505618 0.224142 -0.0402192
-0.261194 -0.247282 0.400683
0.340777 0.534031 0.0146431
-0.272165 -0.170763 -0.439825
0.523964 0.164495 0.0365958
-0.329554 -0.366372 0.156141
0.464893 0.323552 -0.0418088
-0.260406 -0.385811 0.212255
0.380377 0.473452 0.0435424
-0.302098 -0.199197 -0.404702
0.540744 0.0891023 0.0110857
-0.317689 -0.275613 0.330384
0.414948 0.417736 -0.0435621
-0.262423 -0.422343 -0.0503665
0.433948 0.383913 0.044977
-0.323594 -0.312974 -0.277301
0.537142 0.108945 -0.0216065
-0.291041 -0.174744 0.425673
0.361931 0.502287 -0.0343604
-0.258807 -0.342353 -0.298433
0.480281 0.288654 0.0448792
-0.331316 -0.380605 -0.092808
0.513972 0.198855 -0.0391237
-0.264461 -0.209566 0.424269
0.337596 0.538769 0.00341885
-0.266179 -0.193935 -0.432059
0.516816 0.189631 0.0385658
-0.331049 -0.378527 0.104715
0.476499 0.298075 -0.0416242
-0.259026 -0.356478 0.275005
0.366108 0.495509 0.0392255
-0.293827 -0.176185 -0.423059
0.538302 0.102552 0.020239
-0.322437 -0.305727 0.288989
0.429483 0.392243 -0.04368
-0.262413 -0.424003 0.0233051
0.419306 0.409535 0.0472726
-0.319262 -0.280915 -0.323072
0.54021 0.0922578 -0.0127705
-0.299766 -0.19496 0.40889
0.37606 0.480538 -0.0404524
-0.259931 -0.376369 -0.235032
0.468298 0.315918 0.0437271
-0.330084 -0.369076 -0.145983
0.522108 0.171702 -0.0359613
-0.270349 -0.178436 0.43736
0.339442 0.536095 -0.00914583
-0.261891 -0.233074 -0.410669
0.507989 0.216893 0.0411822
-0.331493 -0.385979 0.05288
0.487259 0.272845 -0.0405597
-0.258814 -0.322048 0.327156
0.355121 0.512374 0.0321895
-0.285971 -0.160591 -0.435507
0.534492 0.12154 0.0268567
-0.325333 -0.330673 0.24639
0.44181 0.369602 -0.0429751
-0.262408 -0.418439 0.0848967
0.40724 0.430303 0.0458683
-0.314602 -0.258501 -0.350267
0.541275 0.0859717 -0.00531947
-0.305927 -0.220943 0.387815
0.388013 0.461811 -0.042856
-0.261262 -0.396494 -0.181605
0.459014 0.33535 0.0445023
-0.328508 -0.35709 -0.184968
0.526955 0.153877 -0.0325412
-0.275417 -0.167763 0.439151
0.343625 0.529844 -0.0187309
-0.260334 -0.260351 -0.390738
0.501493 0.235609 0.0413393
-0.331378 -0.388408 0.0162091
0.493962 0.25588 -0.0411658
-0.259339 -0.298841 0.35446
0.349511 0.520708 0.0285007
-0.281165 -0.159109 -0.43925
0.531389 0.135355 0.03046
-0.326708 -0.34427 0.218028
0.449278 0.355261 -0.0427145
-0.26223 -0.411942 0.122206
0.399628 0.443068 0.0444114
-0.311272 -0.242301 -0.367309
0.541471 0.0848988 -0.00090307
-0.309408 -0.238631 0.37183
0.395488 0.450191 -0.041542
-0.261981 -0.405012 -0.151788
0.45296 0.347781 0.0437958
-0.327366 -0.34718 -0.210706
0.529752 0.142762 -0.0301186
-0.278909 -0.167744 0.436945
0.347109 0.524747 -0.0216196
-0.259708 -0.283155 -0.370459
0.497012 0.247789 0.0414887
-0.331329 -0.388669 -0.00387007
0.498377 0.244532 -0.0392177
-0.259885 -0.280132 0.373268
0.346028 0.526184 0.0227395
-0.277845 -0.164187 -0.439197
0.528914 0.145629 0.0327382
-0.327707 -0.352298 0.198353
0.454739 0.344614 -0.0413103
-0.261801 -0.404776 0.152981
0.393334 0.453071 0.0448
-0.308424 -0.227615 -0.381053
0.541449 0.0850103 0.00298409
-0.312249 -0.249244 0.360632
0.40182 0.439638 -0.0436786
-0.262311 -0.412166 -0.120964
0.447188 0.358797 0.0454319
-0.32634 -0.338301 -0.230742
0.532304 0.131903 -0.0275696
-0.282492 -0.163761 0.436409
0.350984 0.518824 -0.0270392
-0.259155 -0.301526 -0.351631
0.492138 0.260428 0.0418617
-0.331425 -0.387761 -0.0304855
0.503331 0.230619 -0.0406115
-0.260671 -0.258102 0.39239
0.342277 0.531738 0.0180817
-0.273959 -0.166938 -0.440426
0.525685 0.158467 0.034553
-0.328989 -0.362044 0.17045
0.461616 0.330461 -0.0417548
-0.260886 -0.392637 0.193445
0.38461 0.466754 0.0445737
-0.304276 -0.210505 -0.396086
0.541091 0.0869811 0.00869546
-0.316016 -0.267148 0.340668
0.410676 0.424833 -0.0444694
-0.262425 -0.420155 -0.0718041
0.43831 0.375489 0.0465234
-0.324609 -0.322161 -0.261821
0.535748 0.11593 -0.0235344
-0.288234 -0.169436 0.430077
0.35802 0.508239 -0.0319063
-0.258738 -0.327167 -0.320418
0.484148 0.279728 0.0439431
-0.33146 -0.383242 -0.0757132
0.51079 0.208837 -0.0393543
-0.262935 -0.221321 0.417917
0.338306 0.537717 0.00764361
-0.268317 -0.183577 -0.436097
0.519706 0.179463 0.038939
-0.330605 -0.373662 0.127656
0.472188 0.307635 -0.0424325
-0.259444 -0.36712 0.254803
0.371205 0.487648 0.0412982
-0.29698 -0.183433 -0.417181
0.539428 0.0965213 0.0169425
-0.320883 -0.297112 0.302109
0.424234 0.401374 -0.0450728
-0.262407 -0.42444 -0.00420573
0.424554 0.400662 0.0458454
-0.320987 -0.293337 -0.306745
0.539369 0.0970556 -0.016064
-0.296786 -0.188404 0.414679
0.370886 0.488627 -0.0380754
-0.259413 -0.363602 -0.26163
0.472427 0.306474 0.0452783
-0.330635 -0.373291 -0.129059
0.519571 0.180522 -0.0370955
-0.268178 -0.189058 0.433392
0.338217 0.537876 -0.00445094
-0.263008 -0.215887 -0.421317
0.510946 0.20773 0.0414967
-0.331455 -0.384178 0.068863
0.483924 0.280819 -0.0412537
-0.258741 -0.331462 0.314497
0.358251 0.507498 0.0351618
-0.288395 -0.164108 -0.432375
0.535839 0.115218 0.0247084
-0.324555 -0.322902 0.260678
0.438079 0.37655 -0.0433734
-0.262425 -0.420433 0.069455
0.410917 0.424277 0.0452997
-0.316113 -0.26621 -0.341508
0.541082 0.0871822 -0.00783574
-0.304159 -0.211539 0.39551
0.384391 0.467691 -0.0412632
-0.260859 -0.38991 -0.201008
0.461809 0.329489 0.0447676
-0.329022 -0.361488 -0.171987
0.525596 0.158921 -0.0341858
-0.273854 -0.172636 0.437912
0.342172 0.532079 -0.0147765
-0.260698 -0.252782 -0.396697
0.503455 0.230114 0.0412323
-0.331428 -0.387858 0.0286878
0.492007 0.260902 -0.0411783
-0.259143 -0.302803 0.350208
0.351068 0.518293 0.0303827
-0.282584 -0.162427 -0.436929
0.532379 0.131254 0.0290254
-0.326311 -0.341339 0.224706
0.447045 0.359676 -0.0422855
-0.262317 -0.413794 0.112825
0.401969 0.439236 0.044566
-0.312316 -0.248092 -0.361565
0.541428 0.0850565 -0.00205144
-0.308358 -0.23261 0.37738
0.393179 0.453889 -0.041433
-0.261788 -0.402594 -0.160882
0.454886 0.343782 0.0444124
-0.327729 -0.351606 -0.199971
0.52888 0.146279 -0.0311085
-0.277774 -0.165625 0.438613
0.345957 0.526362 -0.0218642
-0.259898 -0.274992 -0.378111
0.498496 0.243734 0.0417392
-0.331328 -0.388679 0.00196534
0.496922 0.24818 -0.0408057
-0.259696 -0.284522 0.36912
0.347198 0.524333 0.0249933
-0.278982 -0.161919 -0.439455
0.5298 0.142133 0.0317183
-0.327347 -0.34998 0.204396
0.452845 0.348171 -0.0429455
-0.261993 -0.407069 0.143826
0.395633 0.44939 0.0449142
-0.309474 -0.233679 -0.375649
0.541458 0.0848761 0.00184884
-0.311213 -0.243496 0.366376
0.399495 0.443445 -0.0435148
-0.262226 -0.410184 -0.130296
0.449375 0.354409 0.0458538
-0.326728 -0.341301 -0.224177
0.531356 0.13599 -0.0289422
-0.281093 -0.164888 0.436817
0.349438 0.521188 -0.0251388
-0.259356 -0.293959 -0.359705
0.49407 0.255451 0.0418519
-0.331376 -0.388143 -0.0234538
0.501388 0.236059 -0.0406923
-0.26032 -0.265629 0.386238
0.343707 0.529665 0.0195756
-0.275504 -0.166393 -0.439704
0.527016 0.153149 0.0342173
-0.32848 -0.357708 0.183391
0.458838 0.336256 -0.0414496
-0.261283 -0.397192 0.179431
0.388207 0.461354 0.0437085
-0.306018 -0.215933 -0.391165
0.541302 0.0858458 0.00620781
-0.314517 -0.259528 0.349385
0.407021 0.431233 -0.0425611
-0.262406 -0.417198 -0.093156
0.442002 0.368613 0.0461255
-0.325369 -0.327422 -0.252043
0.534427 0.122241 -0.025568
-0.285842 -0.166082 0.433193
0.354956 0.512709 -0.0313981
-0.258824 -0.317573 -0.332874
0.487466 0.271833 0.0432161
-0.331491 -0.385242 -0.059863
0.507808 0.217929 -0.0389326
-0.261836 -0.234375 0.409789
0.339537 0.53584 0.0123769
-0.27047 -0.17287 -0.439903
0.522249 0.171103 0.0363194
-0.330049 -0.369512 0.144544
0.468057 0.316586 -0.0429769
-0.25996 -0.379541 0.227857
0.376366 0.479958 0.041205
-0.299934 -0.194095 -0.409258
0.540266 0.091855 0.0136131
-0.319161 -0.284908 0.318661
0.419013 0.41067 -0.0440682
-0.262413 -0.42362 -0.031703
0.429791 0.391084 0.0468373
-0.322522 -0.30501 -0.289881
0.538243 0.103194 -0.0192815
-0.293636 -0.177013 0.422785
0.365796 0.496426 -0.0360095
-0.259008 -0.352705 -0.281535
0.476773 0.296908 0.0444066
-0.331071 -0.377139 -0.111333
0.516627 0.190358 -0.0381652
-0.266051 -0.199375 0.429162
0.337567 0.538819 -0.000248791
-0.26457 -0.204138 -0.427385
0.514165 0.198121 0.0395632
-0.331303 -0.380868 0.0913535
0.480056 0.289809 -0.0421459
-0.258813 -0.346348 0.292163
0.362205 0.501444 0.0375876
-0.29123 -0.169582 -0.42799
0.537204 0.108249 0.0226564
-0.323525 -0.313699 0.276306
0.433658 0.384585 -0.0441912
-0.262421 -0.422987 0.0419931
0.415229 0.416658 0.0467976
-0.317793 -0.274765 -0.331183
0.540698 0.0894012 -0.0102446
-0.301958 -0.204169 0.401823
0.380101 0.474426 -0.0402651
-0.260375 -0.382838 -0.219618
0.465117 0.32251 0.0447714
-0.329588 -0.364281 -0.162609
0.523874 0.165383 -0.0348602
-0.272043 -0.176383 0.437287
0.340687 0.5342 -0.013865
-0.261234 -0.241913 -0.404717
0.505767 0.223568 0.0408047
-0.331475 -0.386939 0.0421975
0.48965 0.266806 -0.0414096
-0.258948 -0.31333 0.338026
0.353034 0.51535 0.0318671
-0.284276 -0.162605 -0.435753
0.533458 0.126241 0.0282528
-0.325836 -0.335529 0.236786
0.444411 0.364777 -0.0420662
-0.262376 -0.416508 0.0975126
0.404642 0.43486 0.0445461
-0.313481 -0.250785 -0.358214
0.541394 0.0853752 -0.00431489
-0.307143 -0.225783 0.38342
0.39056 0.458017 -0.0415554
-0.261533 -0.400076 -0.16985
0.456991 0.339383 0.0449658
-0.328128 -0.353992 -0.193515
0.527911 0.150076 -0.0322296
-0.276554 -0.167559 0.438525
0.344727 0.528237 -0.0197578
-0.260111 -0.266842 -0.385316
0.500047 0.239443 0.0419399
-0.331347 -0.388612 0.00795989
0.495376 0.252306 -0.0405763
-0.259505 -0.292514 0.361117
0.348395 0.522408 0.027243
-0.280128 -0.15971 -0.439661
0.530663 0.138643 0.0306919
-0.327003 -0.347587 0.210366
0.450942 0.352048 -0.0423279
-0.262138 -0.40924 0.134586
0.397793 0.445883 0.0451366
-0.310452 -0.239336 -0.370402
0.541482 0.0848578 8.9845e-05
-0.310233 -0.24162 0.368739
0.397326 0.446984 -0.0432782
-0.262109 -0.408067 -0.13957
0.451377 0.350863 0.0441253
-0.327082 -0.34612 -0.213482
0.530479 0.139655 -0.0300513
-0.279867 -0.166783 0.436763
0.348118 0.523225 -0.0229885
-0.259548 -0.286059 -0.367693
0.49573 0.251064 0.0419949
-0.331343 -0.388546 -0.0117377
0.4997 0.240736 -0.0405694
-0.260062 -0.273549 0.37933
0.345011 0.527707 0.0214721
-0.276838 -0.164946 -0.439502
0.528134 0.148955 0.0328885
-0.328035 -0.355288 0.190432
0.456515 0.340734 -0.0432113
-0.261596 -0.401488 0.165014
0.391195 0.456739 0.0433137
-0.307432 -0.223742 -0.384652
0.541405 0.0852539 0.00434196
-0.313205 -0.256287 0.353543
0.403994 0.436214 -0.0427746
-0.262365 -0.414592 -0.108484
0.445036 0.362805 0.0460943
-0.325952 -0.334116 -0.23928
0.533214 0.127835 -0.0268
-0.283869 -0.164645 0.435126
0.352553 0.51651 -0.0278129
-0.258989 -0.307397 -0.34506
0.490214 0.265095 0.0427596
-0.331463 -0.386683 -0.0453937
0.505212 0.225423 -0.0396592
-0.261095 -0.248526 0.399787
0.341022 0.533655 0.0152772
-0.272474 -0.170014 -0.439973
0.524295 0.16366 0.035376
-0.329461 -0.365188 0.160077
0.464347 0.324489 -0.0431963
-0.260489 -0.386708 0.209879
0.381099 0.472217 0.0441889
-0.302488 -0.203054 -0.402105
0.540814 0.0886738 0.0106894
-0.317405 -0.275957 0.330287
0.414189 0.419128 -0.0428276
-0.262424 -0.422102 -0.0531603
0.434701 0.382382 0.0456976
-0.323779 -0.315399 -0.273448
0.536917 0.110098 -0.0219373
-0.290568 -0.170386 0.428066
0.361237 0.503353 -0.0338752
-0.258782 -0.338261 -0.304643
0.480967 0.287425 0.0434327
-0.33135 -0.381348 -0.0883687
0.513447 0.200595 -0.0388676
-0.264186 -0.210214 0.424054
0.337668 0.538672 0.00379625
-0.266509 -0.189109 -0.434394
0.517312 0.187911 0.0387231
-0.330988 -0.377644 0.109207
0.47582 0.299377 -0.0430852
-0.259085 -0.357485 0.273172
0.366911 0.494258 0.0396731
-0.294341 -0.176473 -0.422559
0.538499 0.101489 0.0197704
-0.322197 -0.305932 0.288967
0.428624 0.39388 -0.0430056
-0.262412 -0.424105 0.0205126
0.42016 0.408428 0.045532
-0.319553 -0.283925 -0.319394
0.540091 0.0929401 -0.0132503
-0.299303 -0.194841 0.409294
0.375234 0.481863 -0.0399139
-0.259842 -0.373017 -0.242359
0.468943 0.314353 0.0444575
-0.330175 -0.368766 -0.14684
0.521721 0.173125 -0.0358378
-0.270004 -0.179001 0.437302
0.339222 0.536417 -0.00862705
-0.262041 -0.227895 -0.414132
0.508436 0.215394 0.0416322
-0.331494 -0.385556 0.0569998
0.486783 0.273803 -0.0419039
-0.258796 -0.32324 0.325614
0.355576 0.511641 0.0328308
-0.286331 -0.160112 -0.435473
0.534691 0.120501 0.0267888
-0.325222 -0.328745 0.249943
0.441229 0.370813 -0.0421445
-0.262412 -0.418829 0.0821095
0.407777 0.429225 0.0467118
-0.31483 -0.257823 -0.350686
0.541273 0.0860745 -0.00630437
-0.305659 -0.221613 0.387555
0.387466 0.462798 -0.0420402
-0.261203 -0.395675 -0.184166
0.459416 0.3343 0.0453886
-0.328588 -0.358356 -0.18147
0.526738 0.154756 -0.0322961
-0.275179 -0.168832 0.43882
0.343397 0.530212 -0.0179387
-0.260384 -0.2589 -0.391917
0.501777 0.234622 0.0420075
-0.331387 -0.388283 0.019812
0.493656 0.256799 -0.0404453
-0.259312 -0.296694 0.356817
0.349766 0.520563 0.0268553
-0.281387 -0.162336 -0.43774
0.531566 0.134912 0.0295177
-0.326649 -0.342797 0.221213
0.448918 0.3561 -0.0417807
-0.262248 -0.411281 0.125279
0.399982 0.442304 0.0453625
-0.31143 -0.241258 -0.368022
0.541457 0.0849172 -0.000911045
-0.30925 -0.235954 0.374074
0.39515 0.450507 -0.0430679
-0.261955 -0.40582 -0.148772
0.453256 0.346982 0.044741
-0.327425 -0.348542 -0.207563
0.529594 0.143437 -0.0298186
-0.278732 -0.16466 0.438428
0.346943 0.524869 -0.0232212
-0.259738 -0.281659 -0.371897
0.497241 0.246979 0.0422219
-0.331326 -0.388653 -0.00580594
0.498164 0.244946 -0.0403349
-0.259852 -0.281623 0.371851
0.346215 0.525835 0.0236231
-0.278031 -0.162908 -0.439632
0.529086 0.145252 0.0317883
-0.327643 -0.352981 0.196805
0.454447 0.345015 -0.0426284
-0.261835 -0.405472 0.150306
0.393703 0.452282 0.0457285
-0.308606 -0.230409 -0.378839
0.541445 0.0849725 0.00294525
-0.31207 -0.250215 0.359942
0.401414 0.440446 -0.0427438
-0.262299 -0.411595 -0.123702
0.447586 0.358328 0.0440452
-0.326409 -0.339883 -0.227511
0.532162 0.132428 -0.0285388
-0.282247 -0.164789 0.436116
0.350704 0.519293 -0.0262298
-0.259188 -0.300156 -0.353129
0.492468 0.259411 0.0425621
-0.331415 -0.387669 -0.0321582
0.502989 0.231717 -0.0399804
-0.260605 -0.259471 0.391296
0.34251 0.531356 0.0188131
-0.274225 -0.165998 -0.440675
0.525917 0.157464 0.0347551
-0.328902 -0.360814 0.174128
0.461156 0.331207 -0.0431115
-0.260956 -0.393481 0.190943
0.385261 0.466093 0.0428332
-0.304583 -0.210032 -0.396152
0.541125 0.0867296 0.00841037
-0.315756 -0.267675 0.340381
0.410034 0.42604 -0.0436721
-0.262423 -0.419814 -0.0745941
0.438981 0.374583 0.0449603
-0.324744 -0.321695 -0.262405
0.535518 0.117046 -0.0237069
-0.287813 -0.169657 0.430256
0.35746 0.509106 -0.0313397
-0.258745 -0.326015 -0.321968
0.484705 0.278204 0.0445556
-0.331473 -0.383828 -0.0714374
0.51028 0.210469 -0.0389816
-0.262723 -0.226358 0.414734
0.33848 0.537468 0.00808548
-0.268665 -0.178722 -0.438255
0.520177 0.178265 0.0375816
-0.330517 -0.373904 0.126899
0.47148 0.309302 -0.0417467
-0.259522 -0.370604 0.24772
0.372047 0.486311 0.0417755
-0.297477 -0.183701 -0.416684
0.539583 0.0956541 0.0164316
-0.320614 -0.294236 0.30602
0.423368 0.403014 -0.0444125
-0.262408 -0.424414 -0.00699535
0.425408 0.399009 0.0465029
-0.321253 -0.296221 -0.302855
0.539203 0.0979801 -0.0165632
